-0.7254,0.5552,3
-0.4447,0.7867,3
1.7880,-1.8751,1
1.4188,-0.6636,3
-1.6329,-1.1873,3
-1.8006,-1.1840,1
-1.3106,-1.7056,1
1.0834,1.8751,1
-0.4297,0.2004,1
0.2568,-1.3549,1
1.9666,-0.0803,1
0.8975,1.4750,2
0.2612,1.2631,1
-0.8296,0.6819,3
-0.1574,1.0490,1
0.1248,1.2484,1
-1.1575,1.9379,1
-1.4371,1.0212,3
-1.2651,-1.4084,2
1.8399,0.8484,1
0.4128,0.8149,2
1.5409,-0.2876,1
1.4557,1.9736,1
1.4954,-0.8560,3
-1.1285,0.9866,3
1.0602,-0.8886,3
0.0650,-0.0461,1
-0.6359,0.5167,3
-1.4616,1.2516,3
-0.0870,1.0915,1
1.9327,-0.4957,1
1.8721,-0.9548,1
1.2866,-1.4991,3
-0.0360,1.9963,1
1.3234,-1.1322,3
1.7318,1.9281,1
1.3887,-0.0070,1
0.9834,1.3572,3
-0.4006,1.8955,1
-1.1931,-0.1914,1
0.8629,-0.2587,1
1.7337,-0.3866,1
0.3170,-1.1000,3
-1.1262,0.8640,3
-1.4253,0.1874,1
1.2622,-0.0808,1
1.0611,-0.6921,3
-1.1861,-1.7087,1
-0.9166,-0.1093,1
-1.3954,0.6977,3
1.2173,-0.4395,3
1.3343,-0.7058,3
-1.5034,1.6112,1
0.1598,-1.5150,1
1.8193,-0.9403,1
0.3466,-1.6782,1
-1.1979,1.3829,3
-0.7495,-1.8032,1
-0.9438,-0.7198,3
-1.2427,-0.1152,1
0.2671,-0.8980,1
-0.4819,-1.5636,1
0.3825,-1.0671,3
-1.8531,1.0927,1
-1.2247,0.9119,3
1.5911,-0.7414,3
-1.6738,0.0606,1
0.3691,1.3112,1
-1.2966,-1.6327,3
-1.0716,-0.8754,2
1.8511,1.3917,1
-1.6656,-1.0902,2
0.1119,1.2923,1
1.5005,1.4392,2
-0.6259,-1.7855,1
-1.6926,1.8056,1
1.5625,-1.8682,1
0.2005,0.5009,1
-0.9647,1.2043,3
-0.8498,-1.8673,1
1.1499,1.9839,1
0.2516,-1.6818,1
-0.2103,0.4301,1
0.2607,-0.0694,1
-0.1757,1.3047,1
-1.7001,1.6121,1
-1.9659,1.1747,1
-0.1711,-0.6248,1
0.9349,0.4105,2
-1.5918,1.5607,1
1.0062,0.7107,2
-1.0042,-1.0377,2
1.8953,0.7520,1
0.0870,-0.9874,1
1.7179,0.8370,1
-0.4367,1.1369,3
1.2144,1.1710,2
-1.0027,-1.0001,2
-0.7190,1.9348,1
-1.2309,-1.6570,2
-1.6101,1.3492,1
1.9945,-1.6549,1
1.9173,-1.7596,1
0.2703,0.3274,1
0.5538,0.0453,1
0.1421,1.6086,1
-0.6575,0.8230,3
1.7176,1.8202,1
1.4679,-0.8987,3
-0.3713,-0.1297,1
1.3503,0.2602,1
1.7825,0.2547,1
-0.8230,0.1720,1
-0.6765,-1.5577,2
0.4826,0.9961,2
0.4787,-0.8619,3
-0.3883,0.4806,1
1.9157,0.1982,1
1.2196,-0.3340,1
0.4584,1.2947,2
0.0402,0.6450,1
-1.0288,0.4275,3
-1.7527,1.6045,1
1.7638,-1.0721,1
-0.3924,1.4106,1
-0.5033,-0.1107,1
-1.0056,1.5010,3
1.3150,1.4167,2
-0.5440,0.6363,3
-1.3019,-0.9053,2
-0.1894,1.1349,1
-0.8167,-1.8939,1
0.8106,-1.6466,3
0.6099,-1.8828,1
0.8515,-0.2752,1
0.0891,1.2215,1
0.4650,-1.7842,1
-0.6786,1.5309,3
0.3760,-1.0132,3
-0.9034,-0.3150,2
1.1119,1.4955,2
1.7722,-1.3212,1
0.8599,1.4894,2
-0.4479,0.0993,1
-0.8277,-1.0493,2
-1.7970,1.0399,1
-0.8771,-0.4951,2
-0.4561,0.8262,3
-0.6184,-0.7978,2
1.8556,0.2988,1
1.4242,-0.5893,3
0.1278,-0.8171,1
-1.0625,-1.9572,1
-1.8995,-0.4051,1
1.3807,0.7672,2
-1.6143,0.9702,2
-1.3879,-1.9069,1
-0.9457,-0.3630,2
-0.9725,1.0186,3
-0.0125,0.8741,1
-1.3676,0.2984,1
0.7729,-1.5738,3
-0.4078,-0.6363,2
1.9009,-0.5358,1
-1.6912,-1.1551,1
-0.3325,-0.7694,1
0.0661,-0.1573,1
1.9695,0.8970,1
-1.3008,1.9245,1
0.6311,-0.0880,1
0.8618,0.5444,3
-1.4968,-0.6826,2
1.3274,0.9096,2
0.1945,0.8105,1
0.6565,1.1193,3
-0.1143,-1.2132,1
-1.9149,0.8529,1
0.3776,0.8224,2
0.3071,1.5216,1
-0.7448,0.1527,1
1.0774,-0.9856,3
1.1981,-0.4824,3
1.7449,-1.1550,1
-0.3445,1.0396,3
-0.9698,-0.3039,2
-0.7502,1.5818,3
0.7001,1.6669,1
-0.0070,0.0445,1
-1.8171,-1.6484,1
0.2973,-0.3932,1
0.3237,-1.3157,1
-1.1054,1.8824,1
-1.2172,1.6273,2
1.5806,-0.7173,3
-0.8111,0.3129,1
-0.0836,1.5628,1
1.4308,0.2628,1
1.7981,-1.7442,1
0.9879,-1.5613,3
-0.3008,0.7360,1
0.5631,-0.9403,3
-1.5585,-0.0457,1
1.8375,0.7372,1
-1.9214,0.3178,1
1.3592,1.5067,3
-1.6641,-0.5769,1
-1.1056,-1.1461,2
-0.8801,-1.3479,2
1.3899,1.6399,1
0.0115,-0.6609,1
0.2399,1.9023,1
1.1526,-1.6562,2
1.9476,-1.8186,1
-1.6300,-1.7401,1
0.0750,1.6191,1
0.0930,1.9550,1
-0.3263,-1.1505,2
1.5172,-0.0306,1
-0.3834,-0.6408,1
-1.8454,1.3707,1
-0.5714,-0.3894,1
1.7624,-1.2368,1
-1.9495,-1.2892,1
1.0757,-0.9192,3
-1.5812,1.1558,3
-0.7315,-0.7512,2
1.5413,0.9225,2
0.6680,0.4397,2
0.4468,-1.9437,1
-0.1344,-1.7891,1
0.6235,-0.3604,1
1.2837,-0.5980,3
-1.7123,-0.5475,1
-0.5270,-1.4718,2
0.9183,-1.0530,3
1.9827,0.2154,1
-0.9978,-0.2433,1
0.8711,-1.5753,3
0.7094,0.8716,2
1.9070,-1.2628,1
-1.5248,1.3607,3
0.6541,0.6444,2
-0.4039,0.9321,3
-0.7511,-1.5949,2
-0.0174,1.3234,1
-0.1280,1.3062,1
1.0102,-1.6916,3
1.0708,1.1795,2
-0.4288,-0.1110,1
-1.8721,-0.2040,1
0.8955,0.2712,1
1.3027,-1.0747,3
-0.8881,0.5214,3
-1.6264,1.7704,1
-1.8366,-0.2471,1
-1.0997,1.6249,3
1.8526,0.6350,1
-1.4384,-0.2941,1
-0.3047,1.2770,1
-0.2994,1.4049,1
0.4430,0.3004,1
0.5461,-0.3969,1
-0.7063,0.7150,3
0.9733,1.0886,2
-0.9419,1.2520,3
0.4663,-1.8477,1
1.1807,-1.9952,1
-1.7964,-1.4336,1
-1.5941,0.2617,1
0.4973,1.9622,1
0.3846,0.4052,1
-1.4569,-1.0486,2
1.6270,0.2450,1
-0.7678,-0.7816,2
0.6078,0.2765,1
-0.2637,-1.2572,1
-1.5103,1.9236,1
-0.1218,-1.8729,1
-1.0275,-1.4670,2
1.3438,1.0303,2
-0.8799,-0.5851,3
-0.8033,-0.0420,1
0.8765,-0.4150,3
1.2713,0.8172,2
0.7547,-0.5750,3
-0.5100,1.1613,3
-1.6224,1.6510,1
1.2700,-0.4708,3
0.7288,0.5017,3
-1.5507,-0.1545,1
0.1320,0.9656,1
0.2199,-1.8377,1
1.2592,1.0388,3
0.5435,0.3101,1
1.0462,-0.9352,2
-0.1746,0.5548,1
-0.6526,0.9324,3
-1.2071,0.2024,1
-1.6344,-1.0688,2
-1.5287,-0.6195,2
1.6073,1.5125,1
-1.8417,-0.2676,1
0.6672,-1.0084,3
0.7611,1.5351,2
-0.3277,0.5813,1
0.0084,-1.5934,1
-0.4942,-0.2460,1
-1.3457,0.5469,3
-0.6681,0.9125,3
-1.4888,1.3838,3
-0.4640,0.9911,2
-0.4737,1.1494,3
-0.3211,-0.1834,1
-1.1296,-1.4223,2
0.3720,0.2500,1
-1.0617,-1.7416,1
0.0595,-0.2357,1
0.1130,0.4186,1
-1.6311,1.7505,1
1.5560,-1.7383,1
-1.8763,-0.2023,1
-1.7962,1.3240,1
0.0163,-0.9970,1
-1.1797,-0.1267,1
1.1595,-1.7547,1
-1.9201,-0.8164,1
-0.5930,1.2431,3
-1.5119,-0.6439,2
0.1160,-0.2750,1
0.6565,-0.7190,3
0.5807,-0.5953,3
-0.5039,-0.3915,1
1.5608,1.6247,1
1.4422,-1.5549,1
1.9012,1.6046,1
0.6102,1.6845,1
-0.4223,-0.9085,2
0.3095,-0.4204,1
-0.5402,1.6956,1
-1.6394,0.3521,1
1.5232,-1.0672,3
-1.5166,0.4289,1
-1.2323,-0.0103,1
0.0550,-0.5681,1
-0.7844,-0.6669,2
-1.3785,1.9433,1
-0.7890,-0.4790,2
-0.9564,1.8305,1
0.2323,-0.7097,1
-0.8541,-0.3491,2
-0.6595,-0.8259,3
0.9399,-0.3425,3
0.1478,0.4253,1
-1.0197,-1.5197,2
-1.7420,-0.3041,1
1.1403,0.3174,2
-0.2930,1.5284,1
-0.6347,-1.4280,2
0.6032,0.8043,2
1.5366,1.9502,1
0.8221,-0.7093,3
1.0405,-1.7694,1
-0.3123,0.3784,1
0.3246,1.3587,1
-1.6066,1.6167,1
1.7953,0.7570,1
1.1405,-1.5360,3
-1.9933,-0.1707,1
-1.2965,-1.5675,3
0.6905,1.9691,1
0.3285,0.7912,1
1.1406,-0.1683,1
-0.3898,1.5194,1
0.5050,-0.1560,1
1.8802,0.2374,1
0.9512,0.0327,1
-1.6604,-0.8268,2
-0.7436,-0.8201,3
0.7452,-0.1166,1
1.0383,-1.4260,3
1.2816,0.9025,2
-1.1845,0.0431,1
0.5801,1.6532,1
0.7230,0.1583,1
0.2247,0.0384,1
-0.6570,-1.0104,2
1.2183,-0.6708,3
-0.4425,0.5856,3
-0.2739,-0.6691,1
0.3271,-1.6308,1
0.8972,1.6508,2
0.2586,-1.5337,1
1.4516,1.0464,3
-1.8360,-0.2306,1
0.7204,1.9940,1
1.5143,-0.6630,3
0.3408,-1.4447,1
0.3405,0.1128,1
1.5201,1.8389,1
0.5831,0.1660,1
0.2201,-0.9368,1
-1.2404,1.3218,3
-0.6579,0.7734,3
-0.4222,0.9374,3
1.9718,-0.3421,1
-1.5957,-0.8279,2
-0.1737,1.5129,1
-1.4224,-0.1467,1
-0.0855,-0.6266,1
-1.4178,1.9565,1
1.6192,0.1766,1
0.3068,0.9362,2
-0.5392,-1.7217,1
1.6611,-0.1439,1
1.6308,-0.1721,1
1.5945,0.2321,1
-1.1048,-1.9416,1
0.7512,-1.3640,2
0.7200,0.5505,2
0.5278,1.1327,2
-1.4984,0.7519,3
1.5386,-0.9412,3
-0.1025,0.5196,1
1.0297,0.1807,1
1.0994,-0.1886,1
-1.1731,-0.5941,2
1.7265,0.3011,1
0.1391,-0.9477,1
0.4049,1.7724,1
-1.9559,0.3002,1
-0.3601,0.8018,3
-0.5878,0.3404,1
-1.8793,-1.7621,1
1.1075,1.2676,2
1.9504,0.3670,1
0.6211,1.1939,2
1.5239,0.9205,2
-1.5147,-0.9405,2
0.0826,1.4644,1
0.2305,1.5086,1
-0.4889,-0.8516,2
1.5436,0.5607,2
0.6349,0.6814,2
-1.7543,-0.2111,1
-1.9628,-0.2607,1
-0.3598,-1.6396,1
-1.3510,1.8843,1
-0.0410,-1.6304,1
-1.6786,0.4522,1
0.4561,-1.3173,3
0.8910,0.1938,1
0.1277,-0.2626,1
1.7048,-1.6277,1
-0.4802,-1.3819,2
0.6024,-1.3447,3
0.0521,0.2955,1
-1.3044,0.9445,3
0.2597,-1.0964,1
-1.1168,-0.7750,2
0.9712,1.6811,2
-1.4323,0.5721,3
1.3126,-1.3002,3
-1.3817,-1.5955,1
-1.3947,-0.0757,1
0.3813,-1.4732,1
-0.1035,0.5788,1
-0.2279,1.2745,1
-0.4680,-0.4659,1
-0.3386,0.4173,1
-1.7569,-0.6115,1
1.5075,-0.0438,1
-1.0344,-0.7312,2
-1.8388,-0.1129,1
1.7291,0.4924,1
1.9150,-1.1263,1
-1.2437,0.7702,3
1.8931,-1.4577,1
-0.0256,0.0742,1
-1.0407,1.7357,1
-0.8309,1.9788,1
-0.9399,1.4862,3
1.5231,-1.5482,1
0.6858,-1.3870,3
0.2531,-1.6580,1
1.7447,-1.7430,1
-0.2369,-0.9866,1
0.3603,-1.0935,3
0.2321,0.8809,1
1.6379,1.8402,1
1.4611,-0.9907,3
-1.3272,0.0694,1
1.8407,-0.4076,1
-1.7227,-1.7218,1
0.6012,0.5313,2
1.4174,0.2760,1
-0.8927,-1.9609,1
-0.4327,0.3995,1
0.5696,-1.3685,3
-0.3538,-1.7306,1
-1.5416,1.7305,1
1.2494,-1.5967,3
-0.4733,-1.7561,1
-1.7443,-1.4787,1
1.5977,1.1224,3
1.2818,0.5398,2
1.2229,1.6471,2
-1.8227,-0.7856,1
0.0382,1.7840,1
0.7800,-0.5698,3
1.3620,-0.1114,1
-1.0468,-0.8619,2
-1.3862,0.6647,3
-0.1332,0.9204,1
1.3980,0.5182,2
1.4605,-0.2001,1
-0.2009,-0.9772,1
-1.8232,-0.7999,1
-1.0461,1.2384,3
0.3626,0.0184,1
-1.9594,-0.6197,1
-0.5508,0.3335,1
1.2611,0.9473,3
-0.6831,-1.1860,2
1.8940,-1.7880,1
-0.4064,1.6725,1
-0.1670,-0.5284,1
-0.2806,-0.3516,1
0.8202,0.6023,2
1.7051,-1.0351,1
0.0202,-0.9945,1
0.2239,0.4547,1
1.5657,-0.2842,1
1.5722,1.0327,2
0.4992,0.9268,2
1.9444,-1.4796,1
1.1895,0.3533,2
1.4574,-1.9273,1
-1.0746,0.8930,3
-0.3682,0.5980,1
-1.6434,-1.3818,1
-1.5384,0.8421,2
0.9002,0.4078,2
-1.7139,-0.0200,1
0.4860,-1.5208,1
-1.1021,-1.5764,2
0.9824,1.6130,2
0.5385,1.0704,2
1.7429,1.9958,1
1.5497,-0.3724,1
-1.6787,-0.0159,1
0.0984,0.4458,1
0.3303,-0.6540,1
-1.7221,-0.3679,1
-0.7417,-1.8819,1
-0.8346,-0.9840,2
-0.4070,1.9984,1
-1.6262,0.5369,1
1.2274,0.2798,1
-1.0261,-0.1705,1
-0.6815,0.1508,1
0.2813,-1.7508,1
0.0862,0.5795,1
-1.7012,0.8574,1
-1.5085,-1.8844,1
-0.8366,-0.7189,2
0.2589,0.8741,1
0.9674,1.2479,2
0.7464,0.4753,2
0.5211,1.4492,2
1.9234,-1.2323,1
1.3098,1.0490,2
-0.8580,-0.8649,2
-1.6798,-0.5660,1
-0.8695,-0.0745,1
0.0589,1.0889,1
-1.9967,-0.6522,1
-0.0540,-1.6847,1
0.4257,1.0616,2
-0.8149,-0.4173,2
-0.2260,-0.4939,1
-1.4863,-1.1841,2
1.5026,-0.0421,1
-0.9291,0.2782,1
-0.5033,1.4087,3
0.0381,-0.5324,1
1.8606,-0.5292,1
-1.4429,1.4169,3
-1.4985,-0.1574,1
0.9212,1.0276,2
-1.2099,-1.1984,2
1.4268,-0.6847,3
-0.8876,-1.1822,2
1.9331,-0.1112,1
-1.8121,1.3855,1
0.3681,-0.5764,1
1.6372,-0.7159,3
0.2541,-0.1588,1
-0.8137,0.3427,3
1.1801,-0.7360,3
0.7566,0.0541,1
1.8393,-0.5192,1
-0.2621,0.5932,1
-0.4056,0.5264,1
1.7291,0.7142,1
-0.7275,-0.9177,2
-1.7165,-1.2805,1
-1.2347,0.9736,3
-1.3360,-1.8401,1
0.4052,1.3400,2
1.1741,0.0966,1
-1.2553,-0.0641,1
1.6305,1.6738,1
1.3342,-0.7318,3
-1.0734,-1.0026,2
-0.0954,0.2699,1
-1.6940,0.5533,1
1.9916,1.3186,1
-0.4816,1.9826,1
-0.6120,0.3878,1
0.5215,-0.4381,1
-0.2909,0.3066,1
0.3775,-0.0629,1
-0.3609,-0.7287,2
1.4271,0.1979,1
1.9293,-1.8975,1
-0.4861,-1.5915,1
1.8179,-1.5998,1
-0.9046,-0.0814,1
0.5329,1.3066,2
1.3103,-0.1719,1
0.1843,1.5371,1
0.9943,-0.0854,1
1.4780,1.5538,1
-0.7700,0.9809,3
1.9794,0.9102,1
-1.0014,-1.5759,2
-1.4288,-1.7580,1
1.4624,-0.6626,3
0.3362,1.8703,1
1.5978,1.1806,2
0.4214,-0.6351,3
1.5515,-1.6409,1
0.6189,1.8372,1
0.9575,-0.9328,3
-0.5059,-0.9535,2
-1.8669,0.0452,1
1.1808,0.6164,2
0.6286,0.0788,1
1.9950,-1.5849,1
-1.3320,-1.9871,1
1.1691,0.4342,2
-0.7926,-0.0142,1
-0.8397,-1.3953,3
-1.3330,1.5622,3
1.1545,-0.9438,3
-1.4477,-0.8106,3
0.3743,-1.6299,1
-1.5618,0.9987,3
1.8395,0.9937,1
1.1111,1.6617,2
-0.4367,0.8309,3
-0.6196,-1.9617,1
-0.4434,-0.8014,2
-0.4300,-0.1344,1
0.6505,-0.9799,3
-1.2224,-0.4275,3
-1.0501,1.9467,1
1.7385,-1.6151,1
-1.3941,-1.7756,1
-0.1116,1.3355,1
1.1837,-1.1013,3
0.9133,0.2791,1
-1.3713,1.8357,1
0.9488,-0.5943,2
-1.1690,-1.9437,1
1.7694,-1.1661,1
1.8972,-0.2163,1
-1.6049,-0.4778,1
1.8916,0.1281,1
0.3819,-1.9835,1
-1.4662,1.2002,3
-0.4834,0.1135,1
0.5377,0.7423,2
-1.2427,-0.3090,1
-1.1575,0.5220,3
-0.0522,0.2915,1
-1.3744,0.1887,1
1.2501,0.5837,2
0.2595,0.4754,1
-0.5068,-1.1427,2
-1.9376,-0.6089,1
1.5304,0.9077,2
-0.7226,-0.5546,2
0.8602,0.2026,1
-0.1513,1.0451,1
-1.1066,-1.0071,2
-1.2279,-0.3815,2
0.4344,-1.1314,3
-0.3810,1.1281,3
0.9316,-1.3787,3
-1.7393,-1.3163,1
-1.2100,-1.7859,1
1.4328,-0.5085,3
-1.1821,-1.6483,2
1.8940,0.2004,1
-0.5079,1.0939,3
-0.6182,1.8660,1
1.4600,0.3004,1
-1.8780,1.9194,1
1.2594,0.8510,2
1.2541,1.1117,2
-1.3601,1.9017,1
-1.0666,1.3345,3
0.6722,-1.8476,1
0.6137,-1.9536,1
-0.3997,-0.4615,1
-0.4201,0.9203,3
1.1779,0.3803,2
-0.3554,0.5023,1
1.2393,-0.2382,1
-0.5447,-0.9841,2
-1.6450,-0.3442,1
1.4688,0.5892,2
-1.9259,-0.7386,1
-0.9689,1.8751,1
-1.8114,-0.5246,1
0.4400,1.0553,2
-1.4427,0.2332,1
-1.0250,1.8778,1
-0.6879,1.1171,3
-1.4998,-1.4276,2
0.7999,-1.0725,3
-0.9987,-1.6038,2
0.5372,-1.5297,1
-1.7746,-0.4986,1
-0.0399,-0.3100,1
-0.7667,-1.8700,1
1.4267,-1.3127,3
-1.9995,-0.3376,1
1.0766,0.9745,2
1.9145,1.4746,1
-0.2317,0.2745,1
-0.7221,1.2758,3
1.3767,-0.1871,1
0.7370,0.0383,1
-0.0277,1.9984,1
0.6831,-0.7683,3
0.4491,-1.3415,3
-1.5517,-1.3411,2
0.3253,1.7355,1
1.3194,1.6500,1
-1.1140,-0.5818,2
1.3801,0.6961,2
0.2703,0.0729,1
-0.3691,-1.1902,2
0.4929,0.7821,2
-0.9551,-0.5348,2
1.7269,1.9142,1
1.0962,-1.6375,3
-1.8722,0.6878,1
-1.8660,0.0072,1
1.6147,0.8932,3
-0.6300,0.2733,1
0.4010,-1.4564,1
-0.7551,0.1745,1
0.1272,-1.3326,1
1.0079,-0.2877,1
-0.8797,-0.5608,2
1.8912,-1.4646,1
1.3210,-1.3368,3
0.4864,-1.2028,3
-0.6983,-1.5881,2
-0.4647,-0.2181,1
-1.5350,-1.8171,1
-0.5324,-0.5722,2
1.2800,1.5550,2
1.8746,0.5629,1
-0.0657,1.6832,1
1.9082,1.5744,1
0.2447,0.8954,1
1.2689,-0.6182,3
0.3004,0.6835,1
-1.7749,-1.7812,1
-1.5768,-1.3162,2
-0.8351,0.1515,1
-1.9189,-0.5685,1
1.6647,-0.6940,1
-1.0393,1.2403,3
1.6959,1.1485,1
0.9665,-0.6068,3
0.9003,-1.3378,3
1.6314,0.9626,2
-1.2257,1.1877,3
1.6993,1.6109,1
0.8071,-1.2242,3
1.3428,-1.1432,3
1.4335,-1.4785,3
0.0872,-0.5177,1
-1.5760,-0.8219,2
0.3352,-1.8554,1
1.1418,1.0450,2
-0.6698,0.6763,3
0.2021,1.4507,1
1.2928,1.1499,2
-0.9327,-0.0430,1
-1.0067,-0.7001,2
0.3507,-1.2666,1
-0.9858,0.8205,3
0.9181,1.2445,2
1.9704,-0.4203,1
0.4160,-1.2785,3
-0.4762,0.0517,1
1.5941,-1.7462,1
-1.1478,1.5466,3
-0.2788,-1.3861,1
1.3659,-0.3929,1
-0.1325,1.9578,1
-1.1094,-1.0280,2
-0.6040,1.8901,1
1.0795,1.8605,1
-1.0923,0.2766,1
-0.2192,1.8003,1
-0.6698,1.3945,3
-1.6697,-1.7533,1
0.4803,-0.0321,1
0.5874,-0.6662,3
1.9943,1.2013,1
0.1347,-1.9081,1
1.0956,-0.5121,3
1.3010,-1.4325,3
-0.9139,-0.5249,2
1.5927,1.2559,2
-1.8490,-1.4138,1
-1.0368,-1.0835,2
-0.6781,1.3968,3
0.2945,-0.0157,1
-1.1258,-0.0214,1
1.4118,-1.8867,1
0.9213,1.2088,2
0.3210,0.5098,1
-0.4188,1.5959,1
1.1180,1.1886,2
-1.5449,1.3396,3
-0.8133,-1.6972,1
0.1649,-0.3752,1
-0.8890,1.9193,1
-0.6091,-1.2065,2
-1.1280,-1.7947,1
-1.5549,1.1266,3
-0.4939,-0.5524,2
1.1346,1.0289,2
0.2382,0.1468,1
-1.4022,0.6019,3
1.5435,1.7886,1
1.4057,-0.0465,1
0.6648,1.0645,2
1.9081,-1.5447,1
1.1300,-0.6726,3
0.4652,-0.2275,1
-0.9908,1.2787,3
0.0630,0.4133,1
0.7127,-1.3485,3
0.5510,-0.7507,3
-0.2711,-1.2072,1
-0.7904,-1.8015,1
0.3150,0.8633,2
1.3398,0.7713,2
-0.8419,-0.0987,1
1.1817,-1.6335,3
-1.6681,-0.6243,1
0.9298,1.4388,2
-1.4435,0.1515,1
-1.6700,-1.2975,1
0.7055,0.4313,2
-1.1304,1.6409,3
-1.0128,-0.0441,1
-1.8308,-0.7043,1
1.8066,0.4538,1
-1.2286,-0.3645,2
1.5087,-0.0326,1
-0.4753,-1.1029,3
-0.0461,-0.5464,1
1.0347,-0.2163,1
-0.6353,-1.5108,2
-1.5125,-0.6412,2
1.8088,0.3460,1
-0.0066,0.5152,1
0.9493,0.3218,2
-0.1935,1.0932,1
-0.9697,0.6019,3
-0.3702,-1.8735,1
-0.3320,0.0804,1
1.8578,-0.8849,1
0.7500,0.4798,2
-1.9264,0.9673,1
-0.9619,0.7762,3
1.9585,-1.2305,1
-1.8254,1.7188,1
0.8446,-0.4747,3
1.1500,0.5556,2
-0.5772,-1.8147,1
-1.4073,-0.1467,1
-0.7838,-0.2889,1
1.6234,-1.5389,1
0.5198,-1.4653,3
0.7750,-0.4273,3
-0.6238,-0.4688,2
0.4926,-0.2941,1
-0.0692,-1.4496,1
-1.5379,1.7004,1
-0.4046,-0.8768,2
0.8551,-0.2841,1
0.1953,0.9322,1
0.6506,0.5556,2
-0.4143,-0.9245,2
1.4882,1.8505,1
-1.8332,-0.7733,1
-0.3850,1.7193,1
0.7820,-0.3499,3
-0.5257,0.1122,1
0.7222,1.7076,1
-1.8446,0.5627,1
1.4420,-1.2421,3
-1.5603,1.4085,3
-0.1015,-1.0058,1
1.8920,-1.5176,1
1.4582,-1.3508,3
-1.4444,0.2642,1
1.3589,-0.9539,3
0.7127,0.5204,2
-0.2331,-0.7574,1
-0.0557,-0.6020,1
1.8376,-1.1599,1
-1.3368,-0.7202,2
-1.9557,1.1783,1
-1.4991,1.0702,3
-1.1920,0.5284,3
0.3418,1.0840,2
1.5949,0.4429,1
0.4981,-0.8444,3
1.5135,0.9224,2
-1.7635,-1.1333,1
1.5222,-1.2956,3
1.5658,-0.6325,2
1.0180,-0.5882,3
1.4643,-0.0873,1
-1.6070,0.7207,3
-0.0291,-0.9375,1
-0.1871,-1.3426,1
0.7011,1.1556,2
0.1097,0.6691,1
0.7608,0.9056,2
-1.1899,0.4279,2
1.6994,-0.0063,1
1.8684,-0.9884,1
1.2158,-1.5241,3
-0.3667,-1.1311,2
0.5792,0.8398,2
0.6091,-1.3473,3
-0.9181,1.3538,3
-1.2897,-0.5366,2
1.2610,-1.7757,1
0.6785,-0.9656,3
0.8004,-1.2663,3
-1.7102,-1.3978,1
1.1910,1.8179,1
-1.9949,-0.5487,1
1.5398,-1.9695,1
-1.8629,0.6397,1
-0.6082,1.7216,1
-0.1979,-1.5682,1
-1.1186,1.6928,1
0.8665,0.3714,2
1.2793,-0.8283,3
-0.3141,-0.5385,1
-0.8959,-1.3474,2
-1.0018,-1.3424,2
-0.2388,-1.8026,1
-0.6360,-1.6655,1
-0.3805,-0.2737,1
-0.7712,1.5284,3
0.3015,-1.5902,1
1.5986,1.2763,2
-0.0700,0.5556,1
-1.0049,-1.7585,1
-1.3375,-0.6544,2
-1.8523,0.3438,1
-0.9158,-1.8951,1
0.0512,-0.5311,1
-0.3421,1.0884,2
-1.0138,-1.6828,2
-1.2537,0.6188,3
-1.8008,0.2173,1
0.0235,-1.8526,1
-0.9805,-0.8575,2
-0.5230,-0.1950,1
0.5871,-0.0473,1
-1.6452,1.0369,3
0.3199,-0.9119,3
-1.3805,0.7460,3
-1.3546,1.7322,1
-1.8004,-1.5215,1
-1.8363,-1.3223,1
1.4040,0.7011,2
-0.8000,1.7206,1
1.2374,-0.8024,3
0.6205,1.7847,1
-1.6527,-1.8606,1
0.1791,0.4593,1
-0.5203,1.0788,3
1.8688,1.7242,1
0.5751,1.9238,1
1.9001,-1.9125,1
1.4425,1.4915,2
1.1322,-1.3086,3
1.9645,1.9289,1
0.6017,0.5494,2
1.1915,0.8967,2
0.8183,-0.9242,3
1.5331,0.5555,2
0.9940,0.4243,2
0.1872,-1.0006,1
-0.1413,-1.1005,1
0.2080,-1.6579,1
-0.7416,1.4743,3
-1.9706,1.4388,1
1.9980,0.0404,1
1.7513,-0.7681,1
1.6441,-1.9498,1
-0.0038,1.5833,1
1.4270,0.5773,2
-1.4180,-1.2355,2
-0.3392,0.6232,1
0.8270,-1.1688,3
1.4848,0.0896,1
-1.1661,0.1191,1
0.1120,0.1171,1
-0.0606,-0.1316,1
-1.3365,-0.4875,2
-1.5366,1.5087,1
0.8189,0.9357,2
1.5986,1.5177,1
-0.6223,-0.8214,2
-1.9436,-1.9944,1
1.0772,1.4904,2
-0.4278,-1.6757,1
1.5060,0.4363,1
1.4802,-1.6243,1
-1.3136,-0.9608,2
-0.0573,-0.4973,1
0.7824,-1.6784,1
0.1993,1.9202,1
0.3808,-0.7021,3
-0.8145,-0.6457,2
-1.1786,-1.5685,2
0.5470,0.0037,1
0.3916,-0.4903,1
-1.6467,-1.0100,2
-1.8166,-0.3236,1
-0.4739,1.6191,1
0.3775,0.4015,1
0.1645,-1.3992,1
-0.5306,0.9816,3
-0.0472,-1.8330,1
0.4417,-1.0116,3
0.4211,1.5354,1
0.7248,-0.0730,1
-0.5353,0.2803,1
-1.4197,0.4637,3
-1.2648,1.9898,1
0.3928,0.3672,1
-1.6281,-1.4683,1
0.2712,0.0011,1
-0.5316,1.9539,1
0.0199,0.3956,1
1.0030,-1.1833,3
-0.0103,1.5414,1
0.4863,-0.9939,3
1.9728,-0.4135,1
1.1356,0.3217,3
-0.0824,-1.2855,1
1.1010,-0.9136,3
-1.1148,1.3576,3
-0.3490,-1.1740,2
0.5838,0.8459,2
-1.4950,-0.1511,1
-0.0384,1.8386,1
-0.6548,0.3249,1
1.0090,0.2976,1
1.1365,-0.5667,3
1.2538,1.3509,2
-0.2617,0.4519,1
-1.2455,1.3371,3
-0.2281,-1.0119,1
0.7431,1.5718,2
0.1099,-1.9232,1
0.2934,0.0384,1
0.0183,1.3836,1
0.7494,0.3927,2
-0.9330,-0.4708,2
-0.2938,-1.2170,1
1.0599,0.5213,2
-0.5000,1.2758,3
1.2978,-0.9523,3
-0.0785,1.7907,1
1.3912,-0.0994,1
0.7098,-1.8060,1
-0.1329,0.2123,1
1.3492,-1.0383,3
1.1289,0.0286,1
-1.6580,1.7348,1
-1.0941,0.7948,3
1.9217,-1.7052,1
0.2745,1.5926,1
-0.3845,-0.4859,1
-1.4717,-1.0946,2
1.5179,1.6152,1
-1.4540,-0.5178,3
-1.0423,-1.1686,2
1.7620,1.9604,1
-1.9044,-1.6977,1
-0.7878,-0.7918,2
-1.1499,-0.8701,2
1.7637,1.4044,1
1.7251,-0.9801,1
1.4772,-0.4518,1
-0.8701,-0.9339,2
0.9766,-0.3880,3
1.0355,0.5697,2
-1.9438,0.3317,1
1.1055,0.4274,2
-0.1104,1.6395,1
1.4685,-1.5104,3
-0.6578,-1.7466,1
0.8085,1.9785,1
-0.2112,1.4556,1
-0.3254,-1.4145,1
-0.8245,1.5621,3
0.1586,0.5976,1
1.9732,0.6538,1
-0.2518,-0.2407,1
1.8254,1.6489,1
1.1109,1.1174,2
1.5263,-1.5404,1
1.3460,1.2681,2
-1.8144,-0.9431,1
0.5734,0.7315,2
0.0273,1.9069,1
1.0932,0.0656,1
0.7288,0.0388,1
-1.3039,1.7869,1
-0.9093,1.6124,3
-0.8750,0.7233,3
-0.3512,0.2495,1
0.4260,-0.4045,1
1.1816,-0.2188,1
1.3929,-1.6454,1
-1.8103,0.3819,1
-1.4514,-0.5249,2
1.5051,-1.7962,1
-0.8845,-1.1001,2
-1.5148,-0.0093,1
1.5037,1.1156,2
-0.3603,-1.2356,2
-1.7647,1.1904,1
0.0989,0.3719,1
-0.9805,-0.2352,1
0.6715,-0.0455,1
-1.7695,0.5030,1
1.8550,0.0082,1
-0.4816,1.1237,3
0.9687,1.6088,2
-1.9687,1.1126,1
1.8173,-1.2478,1
-0.1472,-1.0125,1
-0.5162,1.0864,3
0.8961,-1.8941,1
-1.3371,0.7774,3
-1.1883,1.0079,2
0.4356,0.8629,2
-1.7367,-1.6187,1
0.9909,1.3499,2
1.7092,1.3812,1
1.5431,1.1985,2
-1.8586,-0.9487,1
1.9301,0.5351,1
0.0907,-0.5689,1
0.0161,0.0941,1
1.8960,0.9057,1
-1.7211,-0.6587,1
0.6700,-0.3954,3
-1.8152,-1.4045,1
-0.6916,-1.6953,1
-0.4554,1.8478,1
0.5330,1.9892,1
-1.4910,1.9193,1
-0.4287,0.0100,1
0.7396,-1.9739,1
0.6852,1.9221,1
-0.3613,-1.7990,1
1.4551,0.8709,2
-0.3473,1.0557,3
1.2003,-1.6359,3
-1.8709,-0.0913,1
-1.7436,-1.5583,1
-0.5650,-1.0493,2
-0.8513,0.5221,3
0.2935,-0.7384,1
-0.4676,1.9468,1
1.6771,-0.4145,1
1.1630,-0.9594,3
-1.7465,0.6933,1
-0.0605,-0.1064,1
1.9302,0.0228,1
-0.2313,0.2792,1
1.5964,1.7142,1
-0.6566,-1.1371,3
-0.8996,1.1565,3
-1.1164,-1.3111,2
-1.4112,-1.6340,1
-1.5049,1.5290,1
1.2722,1.7825,1
-0.8949,-0.2780,1
1.3021,-0.3478,1
1.4078,1.4209,2
1.9553,1.0173,1
-0.5466,-1.6393,1
-0.5263,-0.5389,2
0.7556,0.3447,2
1.9843,0.9336,1
0.7986,1.4286,2
0.6535,0.7009,2
-0.7983,1.8060,1
-0.3564,1.1081,2
-1.8918,0.5159,1
-1.1480,0.4712,3
-0.6900,1.9246,1
0.6310,-0.6017,3
1.1084,-1.8461,1
-1.7253,-1.8618,1
-0.1930,0.9368,1
0.8682,-0.4097,3
1.7119,0.7920,1
0.2776,-1.5645,1
0.4954,-1.4563,3
0.1342,-0.6043,1
-1.2097,0.7058,3
1.8070,-0.6632,1
-1.7151,-1.5548,1
1.1075,-1.2801,3
-1.1364,0.5268,2
0.0484,-0.6050,1
-0.0660,-0.8931,1
-0.3743,1.3845,1
-1.5746,-0.1201,1
-0.2588,-1.9859,1
-0.4719,-1.1956,2
-0.7604,-1.3885,2
0.3494,-1.1037,3
1.6132,-1.9962,1
-0.9848,-1.1326,2
-0.6460,0.9158,2
1.2830,-1.1502,3
-1.9960,0.4754,1
-0.8394,0.9009,3
0.8608,-1.3580,3
-0.0432,0.1701,1
1.7585,1.4097,1
0.8970,-0.2409,1
0.4806,-0.6277,3
0.7841,0.3875,2
-0.3856,1.7415,1
-0.1602,1.0245,1
1.1721,1.0285,3
1.8888,-1.8109,1
0.4855,1.0499,2
-0.9037,-0.9933,2
-1.4884,-1.2348,2
-1.4617,1.6622,1
-0.5387,0.1428,1
0.3882,-1.0731,3
-1.8176,0.5413,1
-1.1076,-1.6189,2
0.4522,1.5532,1
0.4874,1.4421,2
-0.5766,-0.0724,1
-0.9985,1.0239,3
0.7497,1.5355,2
1.9076,-1.9262,1
0.8246,-0.4648,3
1.1139,1.9234,1
-0.2093,-1.8942,1
-1.7910,-1.0018,1
-0.3482,1.4504,1
0.1231,-0.0622,1
0.7836,1.3612,3
0.4940,-1.6372,1
1.2111,1.1125,2
-1.3065,1.0201,3
-0.1619,-0.1553,1
-0.8745,-1.0415,3
-0.6603,0.7492,2
-1.9047,0.9582,1
1.2320,-1.3900,3
-0.0781,0.7331,1
-1.9460,-0.4833,1
-1.8864,-1.9893,1
1.1971,1.2218,2
-0.1838,1.9153,1
-1.4910,-0.2466,1
-1.2629,0.8789,3
-1.1115,-1.7814,1
-0.8544,-1.6861,1
0.4010,1.5459,1
1.1068,-0.5322,2
-0.2497,-0.4782,1
1.7550,-0.3647,1
0.1225,-1.1676,1
1.6024,0.6486,2
-1.8975,1.1576,1
0.4472,1.8947,1
-0.2496,-1.2169,1
1.8028,-0.0712,1
-1.1865,-1.6702,2
0.4342,1.4366,1
0.7879,-0.8131,3
-1.3416,-1.0581,2
0.5396,1.0643,2
1.6426,0.6668,1
-1.3391,0.7692,3
1.4327,-0.7836,3
-0.9167,0.9668,3
0.9525,0.7696,2
-0.8644,1.5831,3
0.8646,0.0172,1
0.0614,-1.1948,1
0.7799,-0.5364,3
-0.8662,-1.9968,1
-1.6799,1.6458,1
0.1550,-1.6932,1
1.1475,1.7395,1
-1.9654,-1.1772,1
-0.2951,1.7753,1
-0.6960,-1.0891,2
-0.7672,1.7755,1
-1.4017,-0.1631,1
-0.8494,-1.3832,2
0.6448,-0.2494,1
1.2034,0.0708,1
0.4287,-1.7742,1
-1.5767,1.3732,3
1.6343,1.4078,1
-0.1880,-0.8873,1
0.7594,0.4167,2
1.2898,1.6495,1
-0.1625,-1.7521,1
-0.8097,-0.6015,3
0.0068,-1.9566,1
0.8266,1.2468,3
1.2922,-0.3245,1
-1.9355,0.0988,1
-1.4237,-0.2670,1
-0.0891,1.5450,1
1.0208,0.3044,2
-0.9584,-0.4058,2
0.8379,1.4317,2
0.4710,-1.3780,3
0.7210,0.6289,2
-1.2784,-0.5446,2
-1.2071,-1.2524,2
-0.9100,-1.1879,2
-1.2396,-0.6116,2
1.8385,1.2993,1
-1.9706,0.3201,1
0.6370,1.3617,3
-1.1059,0.1996,1
1.3991,-1.3294,2
1.3026,1.3916,2
1.2494,-1.8868,1
0.4430,-1.0939,3
1.3121,-0.0039,1
0.2799,0.7565,1
0.9808,0.5950,2
1.2267,0.6244,2
-0.2230,-0.7386,1
-0.0786,0.1555,1
-0.5025,-0.4454,1
-0.3043,-1.1428,1
-1.4774,-1.8934,1
-1.1949,0.5496,3
-0.1649,-0.1383,1
1.6771,-1.8584,1
0.9076,1.1224,2
-0.5626,0.3491,1
0.2874,-1.8740,1
0.4990,0.0474,1
-1.0899,1.5450,3
1.9919,-0.7593,1
0.4653,-0.2367,1
-0.9482,0.5684,3
-1.4555,-1.5966,1
0.0333,-1.9195,1
0.2786,0.9882,1
-0.8811,-1.5744,2
0.5836,0.7130,2
-0.6903,-0.7880,2
0.1913,0.1221,1
-1.3726,0.1140,1
1.9207,-1.4207,1
1.3206,-0.3689,1
-0.7299,0.1756,1
-0.9187,-1.7911,1
-0.9659,0.4875,2
-1.8907,1.6064,1
-0.4664,0.1900,1
1.0838,1.4998,2
0.6815,-0.3090,1
-0.1758,0.3184,1
0.2076,0.2392,1
-1.6458,-0.4402,1
-0.9307,0.8298,3
0.1877,1.9111,1
1.3866,-1.0548,3
1.5738,-0.9455,3
-1.8135,0.5881,1
1.5123,-0.3281,1
-1.9499,-1.6466,1
0.7099,0.1777,1
1.4837,-1.6147,1
-1.1632,-1.2605,2
1.8210,-0.1912,1
-1.0192,1.9964,1
0.3495,1.3831,1
0.2056,0.9568,1
-0.3318,1.1434,2
1.3208,0.6557,2
-1.5268,0.7057,3
1.3166,-0.5844,3
-1.5215,-1.1006,2
1.8795,-0.2638,1
-1.1597,-0.4428,2
-1.3691,0.5380,3
-1.6674,-1.1125,2
-1.0204,1.0931,3
0.6811,-1.2387,3
0.9706,-1.9178,1
-1.0679,-1.4446,2
1.2470,1.8720,1
1.7396,-1.6495,1
-1.3826,-1.7699,1
0.2348,-0.9297,1
-0.3390,-0.2988,1
-0.9165,0.0338,1
1.8892,1.0134,1
-0.3483,-0.3055,1
0.5575,-1.3349,3
0.1191,-0.4029,1
-1.6137,-1.1559,2
-1.9308,-1.4163,1
-1.3485,-0.7989,3
0.9700,1.4359,2
0.8456,-0.9032,3
-0.7407,0.1804,1
-1.4395,0.0696,1
0.9548,1.7212,1
0.1105,0.2788,1
-0.6517,-1.6022,3
-0.8585,-1.2158,2
-1.1932,-1.1466,2
-1.1773,-0.4951,2
-0.9315,-1.5251,2
0.3848,1.3205,2
-0.5978,-1.4201,2
0.4535,-0.8596,3
0.5182,-1.9048,1
-1.7227,0.2056,1
0.7016,1.5539,2
0.7229,-1.3045,3
1.5884,-0.4977,1
-0.9624,0.3249,3
1.6878,1.3935,1
-0.2260,-0.2218,1
-1.0431,1.1804,3
0.3202,-0.3661,1
-0.2469,-1.8479,1
-1.0927,-1.5706,2
0.3402,1.1310,3
-1.8290,-0.1461,1
0.7859,-0.5577,3
0.2543,0.4799,1
1.2275,0.1677,1
-1.3243,1.9417,1
-0.5555,-1.1014,2
0.7931,1.2188,2
-0.7180,-1.0280,2
1.8661,-0.1207,1
-1.3441,-1.7805,1
-1.0004,-1.6095,2
0.0387,1.1764,1
-1.4199,-0.5694,3
-0.5536,-1.3418,2
-0.2938,-0.6661,1
1.7442,0.7784,1
-1.0373,-0.4285,2
1.8151,0.8535,1
0.8196,0.7196,2
0.2536,1.3755,1
-1.1815,-1.6250,2
-0.7627,0.4137,3
1.0984,0.9938,2
1.4394,-1.5597,1
-0.0518,0.1465,1
-1.6013,-0.1093,1
1.7477,0.8535,1
0.3156,0.6686,1
-0.1445,-0.5117,1
1.2747,1.7418,1
-1.0867,-1.4397,2
0.9424,-0.2025,1
-1.8521,-1.1041,1
0.7841,-1.6647,2
0.0784,0.2835,1
0.7067,0.6822,3
0.1133,0.4299,1
1.0915,-1.2544,3
0.9230,0.6011,2
-0.5258,-0.1242,1
1.4009,0.7891,2
-0.2974,-0.2685,1
0.4180,-0.1206,1
0.1273,-1.3365,1
0.2769,0.7419,1
-1.4271,-0.5514,2
-1.2403,1.5619,3
1.8000,0.6534,1
-0.4911,-0.4236,1
-1.2940,1.0507,3
1.6450,0.4515,1
1.1442,-1.8459,1
-1.5590,0.5721,1
0.6338,-1.3006,3
-0.8382,0.9763,3
-0.0266,1.5492,1
-0.5329,-1.6910,1
1.3908,-1.8910,1
0.0600,-0.3821,1
1.3304,0.3239,1
0.4765,-0.0311,1
-1.5882,-0.8869,2
-1.9215,-0.4459,1
-0.3753,-1.8121,1
1.8344,-0.6503,1
-1.2139,1.3231,3
1.1863,-1.2098,3
-0.8516,-1.8190,1
-0.2360,0.2411,1
1.9560,-0.4285,1
-0.8013,-1.9520,1
-1.1071,-1.5403,2
-1.2589,-1.4618,2
1.1615,0.1630,1
0.2814,-0.0026,1
-1.6225,0.7834,3
0.0228,-0.0303,1
1.9772,1.1181,1
0.0405,-1.1179,1
-0.2783,-1.1619,1
1.7268,0.0368,1
1.7008,0.9297,1
-1.2121,1.6708,1
1.4291,0.8323,2
0.2583,-0.8863,1
0.4371,-0.5088,1
-0.0610,1.5140,1
0.2311,1.4912,1
0.7043,-0.4682,3
-0.5815,1.2535,3
-0.2959,0.9803,1
0.0377,0.6811,1
0.8311,1.4690,2
-1.8373,0.8981,1
1.6572,-0.8436,3
-0.8509,1.5935,3
-0.5755,-0.4675,2
1.6695,1.7637,1
-0.9673,0.4679,3
1.2780,1.8864,1
0.3614,-0.4095,1
1.4817,1.6282,1
1.5316,0.4593,1
1.2522,0.6219,2
-0.1947,0.2792,1
-0.5280,1.4283,3
0.6299,-1.1472,3
1.3018,-1.4777,3
1.4650,-0.4450,1
-0.8400,-1.1670,2
0.1084,1.1945,1
0.0372,0.6761,1
-1.3530,0.2077,1
0.7259,-0.5401,3
1.7030,1.2652,1
-0.1636,-1.2628,1
1.5633,1.3671,2
0.8227,0.6689,2
-0.1543,0.1339,1
1.3367,1.2939,2
-1.2859,-0.5977,3
1.6820,1.4395,1
0.2781,-1.9135,1
1.3335,0.8125,2
1.0109,0.5155,2
-1.0327,-1.6482,2
0.3521,1.9151,1
-1.4104,0.7378,3
1.3495,-1.4164,3
1.6643,1.9203,1
-1.1878,-1.3656,2
-0.8454,-1.6836,1
-1.8269,0.5946,1
-0.6007,-0.0719,1
-1.9146,-1.0611,1
0.0367,-0.0937,1
-1.2748,-1.7416,1
0.7807,-1.1520,3
1.5052,-1.8025,1
0.3636,1.8619,1
-1.4842,-1.3259,2
-1.9296,-0.1713,1
1.0645,0.0017,1
0.1451,1.4010,1
-1.9618,1.4864,1
-1.5532,-0.4769,1
-0.7928,0.2483,1
-0.1173,-0.9710,1
-0.7040,-1.4658,2
-0.7071,0.8977,3
-0.7899,1.4136,3
-0.2383,1.4840,1
0.6298,0.5486,2
0.0924,-1.3063,1
1.4831,-1.2681,3
-0.1872,-0.8213,1
0.0488,0.3859,1
0.5431,-1.7314,1
1.8855,-0.4354,1
-0.5746,0.8575,3
0.8272,-1.9324,1
-1.0970,-0.1707,1
-1.1924,-1.5409,2
0.7139,0.5515,2
-1.9789,0.0346,1
-1.1852,1.8474,1
1.1316,-0.1038,1
1.6967,-1.5607,1
-0.7092,-1.6752,1
1.4190,-0.2498,1
-1.5550,-1.4226,3
-1.1154,-0.5196,2
-1.1919,0.2880,1
1.2803,-0.9981,3
0.4461,-0.9770,3
0.3439,-0.1622,1
1.4205,-1.0305,3
0.8829,-1.3339,3
0.6139,-0.0431,1
1.9094,-0.6241,1
-1.9375,-0.1791,1
-1.7168,0.7055,1
0.3331,1.5136,1
-1.1578,0.7939,3
-0.0972,-0.7599,1
-1.0021,1.5840,3
1.9406,1.0044,1
-1.2206,-0.1127,1
0.0576,-1.4988,1
1.6606,-1.5894,1
1.0138,-1.5269,3
0.9444,-1.2437,3
-1.6446,1.0894,3
-1.9457,1.9316,1
-1.2448,-0.1656,1
0.4791,0.8323,3
0.0408,0.7729,1
0.5719,1.5523,2
1.7693,-0.3901,1
0.9235,-0.7295,3
1.4536,-1.7157,1
-0.1954,1.2287,1
0.8611,1.5840,2
1.4312,1.6384,1
0.7953,-1.6064,2
1.3993,0.8727,2
1.5874,-1.0866,3
0.7799,1.4854,2
1.8597,1.2546,1
-0.5593,0.1781,1
1.4323,-0.3683,1
-0.1030,1.4363,1
-0.8820,0.2975,1
1.4284,-0.2713,1
-0.3296,-1.4760,1
-0.2532,1.9233,1
-1.3444,1.5107,3
0.3372,0.2906,1
1.5712,0.1503,1
0.4151,1.5910,1
0.5295,1.0233,2
0.9283,-1.0797,3
0.5558,0.0383,1
-0.2326,-0.5333,1
-1.3827,1.1371,3
1.8608,-1.1160,1
-0.0230,-0.4605,1
-0.9934,1.8767,1
1.5216,1.4479,2
-0.7088,-0.1370,1
-0.7611,-1.6075,3
0.8184,1.3209,2
1.8342,-0.1233,1
1.1474,1.6441,2
-1.8106,-1.7386,1
-0.2446,-1.8778,1
1.2448,0.0992,1
-1.7551,1.1059,1
1.5356,0.6275,2
-1.0234,1.9187,1
0.0087,-0.8424,1
0.0642,1.9760,1
1.0399,1.8102,1
0.0540,0.9576,1
0.5348,1.1471,2
0.1527,-1.0975,1
0.6546,-1.8527,1
-1.3040,-1.6078,2
0.6141,1.9278,1
1.9802,-1.0956,1
1.2093,0.9131,2
0.8309,-1.0227,3
-0.2267,-1.9828,1
0.5925,0.0712,1
1.0557,-1.3940,3
1.7804,0.7587,1
-1.3727,-0.5868,2
1.5734,0.1092,1
-0.3746,-1.2767,2
0.3049,-1.2965,1
0.9031,1.9128,1
-1.3411,0.7437,3
0.3907,-1.4830,1
1.9327,1.1095,1
-1.5676,0.1652,1
-1.9208,-0.0544,1
-1.3715,0.5729,3
-0.6749,0.1463,1
0.4139,1.7717,1
1.4305,0.0766,1
-0.6486,-1.0204,3
0.1854,-0.3615,1
1.9968,-1.9708,1
-0.1746,1.9620,1
-0.2748,-1.6056,1
0.2310,-1.5264,1
-0.5046,-0.8979,2
0.1731,0.4272,1
-1.0400,-1.1589,2
-1.5298,-1.7284,1
-1.3160,-0.3770,2
-1.1894,1.8084,1
1.6809,1.8052,1
1.0681,-0.3695,3
-0.4351,1.3557,2
0.2268,-0.4133,1
-1.1656,1.0821,3
0.0149,-0.7447,1
-0.6583,0.2153,1
-1.5598,0.6855,3
-0.3847,1.3695,1
1.7700,-1.8198,1
1.5632,1.8610,1
1.3857,0.9291,3
1.1701,-1.5060,3
1.3488,0.7208,2
-1.9988,1.5553,1
-0.2443,-0.4298,1
-0.0627,0.9120,1
0.9601,1.3522,2
-1.7456,-1.0325,1
1.1717,-1.2625,3
-0.1026,-1.6993,1
-1.5718,1.6864,1
-1.4104,0.8564,3
-1.8932,0.2052,1
-0.7894,0.2064,1
-0.6035,1.9621,1
0.8377,-0.1006,1
0.4941,-1.1405,3
-1.1639,-0.8861,3
0.5476,-1.7144,1
-1.5607,0.1830,1
0.1920,0.6113,1
0.8739,1.2009,2
-1.9503,1.3077,1
1.9464,-1.4818,1
1.3984,-0.0853,1
-1.5794,-1.2477,2
-1.6452,1.2464,3
1.6412,-1.9175,1
1.8950,0.6302,1
-1.1137,1.0695,3
0.1783,-0.7385,1
1.1566,-1.8646,1
0.9914,-1.8149,1
-0.9685,-1.8685,1
-0.7220,1.5300,3
-0.5134,1.9506,1
1.5946,-1.6946,1
0.5620,1.9466,1
0.6434,1.8415,1
1.0104,-1.2722,3
-0.4396,0.9061,3
0.7217,0.0627,1
1.0838,-0.9458,3
0.7536,0.0856,1
0.9416,1.3636,2
-0.9557,-1.1498,2
1.8992,-1.5552,1
0.0007,1.0068,1
-1.8154,-0.3498,1
-1.0013,-1.3394,2
-1.1177,0.2210,1
0.0274,-1.0573,1
1.3078,-1.9735,1
-1.2266,0.7801,3
0.3704,-0.2783,1
1.4975,0.7659,2
-1.4248,0.6652,3
-0.0418,-1.3341,1
1.2879,-1.1495,3
-1.5409,-0.1508,1
0.3581,0.7315,2
1.1631,-1.2412,3
0.0309,-1.9333,1
-0.0472,-1.1600,1
1.9604,1.2105,1
-0.6684,0.7080,3
1.5530,1.2831,2
0.2192,-0.7586,1
1.8921,-1.4707,1
1.2153,-1.0116,3
1.1991,1.3464,2
-0.5961,0.5096,3
-1.4485,-1.4595,3
1.7255,0.4933,1
-0.3203,0.4537,1
-0.6444,1.7853,1
1.7974,1.3383,1
-1.0956,-0.4425,2
0.6772,-0.5504,3
-0.6994,-1.3351,2
-0.2269,1.8640,1
-1.0229,-0.7321,2
-1.0601,-0.1806,1
-1.0306,-0.4551,2
-0.1611,1.2246,1
-0.0811,-1.4198,1
-1.2932,-1.6224,2
0.7779,-0.7180,3
0.0903,1.9592,1
-0.0680,-0.7402,1
0.7621,1.0329,2
0.9386,-1.9900,1
-0.3753,-1.0501,2
-1.1488,-0.0807,1
0.5710,1.7583,1
0.7445,-0.3228,1
0.7034,0.3840,2
0.0006,-0.8381,1
0.8552,1.2523,2
-0.8405,-0.8157,2
-1.8714,1.9464,1
0.9617,0.8850,2
1.0627,-1.4903,3
-1.0170,-0.6391,3
-1.5517,1.9319,1
1.1382,0.6765,2
0.4083,-0.6201,1
0.0560,1.3804,1
0.9857,0.2357,1
1.8747,1.3951,1
0.0235,1.5237,1
1.2051,0.4854,3
-1.6032,-0.4519,1
0.5383,0.5311,2
0.5992,0.9794,2
0.4184,0.1175,1
1.9147,-1.4741,1
1.7951,0.5819,1
-1.1626,-0.4324,2
-0.8680,-0.5577,2
0.6109,1.4658,2
-1.9638,0.6709,1
-1.6534,1.0677,3
-0.8333,-0.3940,2
1.3477,-1.7948,1
-0.5393,0.6235,3
0.2501,0.5382,1
-1.5805,0.3333,1
-0.0307,1.1708,1
-0.2453,-1.6972,1
-1.0647,0.9137,3
1.6396,0.9499,2
-1.1706,1.2965,3
1.5672,-1.5368,1
-1.1640,1.8109,1
-0.9157,-0.7284,2
1.4501,1.5218,2
0.3417,1.9413,1
1.8152,-0.0895,1
0.8564,1.6653,2
1.3399,-1.3994,3
1.2893,-1.7598,1
-0.0905,-0.9304,1
1.5973,-1.3633,2
0.8911,-0.5272,3
0.3901,0.5570,1
-1.4874,0.0071,1
-0.8266,-1.6512,2
-1.8326,-1.8359,1
0.3323,1.0205,2
-1.2001,0.3604,3
0.1811,-0.3503,1
0.5123,1.5592,1
0.1399,1.1565,1
0.2308,0.0476,1
0.1327,-1.5622,1
1.3061,-1.0496,3
-1.9986,0.1237,1
-1.3622,0.2912,1
1.1849,-1.3765,3
-0.6028,-0.5767,2
-1.7899,1.6044,1
1.2632,0.1167,1
1.3859,-1.7434,1
-1.8547,0.4874,1
0.3775,-1.3799,1
1.1668,1.9262,1
-0.0369,1.9276,1
-0.8917,-1.4346,2
-1.5825,1.7503,1
0.7472,-0.8525,3
1.4374,-0.6425,3
-0.2228,-1.3793,1
1.6763,-1.9934,1
-1.2683,-1.8481,1
1.8348,0.5295,1
1.3757,-0.3038,1
1.8670,1.6594,1
0.4820,-1.2323,3
1.3882,-0.8148,2
-1.0822,1.9324,1
1.8708,1.3698,1
0.4282,-0.8529,3
1.1022,-1.1767,3
-1.9671,-0.4449,1
1.4510,-0.6101,3
1.4892,-1.2344,3
1.4536,-1.3674,3
1.3456,1.1146,3
1.8030,0.5028,1
-1.9893,1.4206,1
-0.6341,1.2914,3
-1.9214,-0.2804,1
1.4121,-1.1782,3
0.7521,-1.1453,2
0.2441,-1.6943,1
-1.7345,1.7949,1
1.9832,1.2485,1
1.3603,0.5941,2
1.5049,0.3971,1
-1.1652,0.4079,3
0.0971,1.7738,1
0.7292,1.8524,1
-1.4916,1.2645,3
1.1109,0.0166,1
1.2685,-1.7393,1
-1.1840,-1.4738,2
1.1291,-1.4905,3
0.0748,1.8697,1
-1.8648,1.3747,1
-1.3017,-1.7906,1
-1.3179,0.3065,1
1.9573,-0.9643,1
-1.0480,-0.4559,3
0.7686,-1.3451,3
-0.5601,1.9234,1
-1.5832,-1.2607,2
1.1886,1.8684,1
-0.7910,-0.0568,1
-0.1766,0.0784,1
-1.1650,0.7767,3
0.2544,1.4588,1
1.4476,1.4160,2
-1.5067,-1.6320,1
-1.1967,1.1366,3
1.1300,-1.4235,3
-0.2826,-1.0067,1
-1.1690,-1.8181,1
-1.5459,-0.6091,2
1.9469,1.2144,1
0.8144,-1.9506,1
-0.1087,0.3038,1
1.2747,-0.2486,1
-0.3062,0.2447,1
-0.3431,1.0480,3
0.2750,0.1780,1
0.8165,1.8954,1
-1.9027,-1.2736,1
-0.7534,-0.8195,2
-1.6609,-0.8726,2
-0.4901,1.9418,1
-0.5425,-0.1669,1
-1.1361,-0.8922,2
1.6862,0.8015,1
0.8767,-1.5415,3
-0.7963,0.7335,2
-1.8928,-0.4500,1
-1.9960,-0.3527,1
-1.9172,0.8939,1
-0.4475,1.2330,3
0.2365,-1.2571,1
0.9699,0.2004,1
0.0070,1.0643,1
0.7956,0.7505,2
-0.1711,-0.3728,1
1.9102,0.8309,1
-1.8305,0.9381,1
-1.6758,0.9421,3
-0.7946,1.0249,3
1.2670,-1.4226,3
0.4561,0.8138,2
-0.4130,-0.2163,1
0.5509,1.7907,1
-1.3774,0.5863,3
-0.5042,-1.5848,1
0.8275,-1.6746,3
0.8927,-1.5051,3
-1.4921,-1.1809,2
1.7704,0.0245,1
-0.0732,-0.7084,1
1.3162,1.7477,1
-0.5515,-0.6653,2
-0.2189,1.8856,1
-0.8219,-1.4919,2
1.3255,0.0039,1
1.1001,-1.1686,3
-0.2944,1.7241,1
1.2492,-1.7680,1
1.7349,-1.9976,1
1.2456,-0.0708,1
1.3336,-0.7546,2
0.2355,0.6939,1
0.9210,-1.5250,3
1.3973,-0.3469,1
0.4599,-1.0214,3
-0.0623,-1.9213,1
-0.2591,-0.2157,1
0.0390,-0.9665,1
1.1562,-1.2315,3
0.2979,-1.9859,1
0.7312,1.3477,2
0.9122,-0.4169,3
-1.5721,-1.4958,1
-0.1708,1.9015,1
1.7386,0.3614,1
1.6519,-1.7009,1
-1.6033,0.0400,1
-1.1345,-1.9211,1
-0.4337,1.2351,3
0.2694,-0.4670,1
-1.0982,-1.7358,1
-1.2205,1.1765,3
1.3511,1.6044,2
0.3977,-0.5664,1
1.0974,-0.8278,3
-1.2244,-1.1759,2
0.5325,-0.7792,3
0.0737,0.0863,1
0.6484,1.6526,1
1.9916,-0.0780,1
-0.6512,0.8238,3
0.0537,1.6033,1
-1.6583,0.9544,3
1.1339,-0.6478,3
-0.1724,-1.5505,1
0.8827,-0.7748,3
-1.7631,1.7577,1
1.6310,-0.1686,1
1.1040,-1.5202,3
-0.1879,-1.5286,1
0.0533,-0.1799,1
0.5586,1.8738,1
0.2404,-1.7845,1
-0.4735,1.3494,3
0.2462,-0.8230,1
-1.8619,-1.9403,1
0.8541,-1.7035,1
0.7908,1.9275,1
-1.1862,1.0315,3
0.4894,-1.1563,3
0.0870,0.8969,1
-1.4916,-0.5445,3
0.5332,1.6959,1
1.5123,-0.7776,3
-0.1564,1.4686,1
-1.3755,1.6067,1
-1.3695,0.4608,3
-1.6058,-0.7484,2
-0.0107,0.0655,1
-1.9359,-1.4451,1
0.6104,0.6419,3
0.9767,1.1503,2
1.2169,-0.3165,1
1.6726,-0.8042,1
1.4777,1.0394,2
-1.5403,1.6639,1
-0.4986,-1.7056,1
0.8397,-1.3113,3
-1.8945,0.6779,1
-1.5973,0.7421,3
-0.4563,-0.6476,2
-0.4184,-1.6709,1
1.0749,1.5461,2
-1.7358,1.2187,1
0.6758,0.6963,2
-1.4440,1.1560,3
0.0430,-1.3425,1
-0.0093,1.4972,1
1.1900,1.6026,2
0.4548,-1.9946,1
0.2745,-0.4509,1
-1.2639,1.1306,3
0.3481,0.2056,1
-0.3565,0.4697,1
0.1347,-0.8544,1
-0.3346,-0.2984,1
-1.1400,1.7445,1
-1.6510,-0.2648,1
-1.4733,-1.0748,2
1.3823,1.3801,2
-1.0200,-0.3454,2
1.9301,0.3907,1
1.2093,-1.2613,3
0.0346,0.3822,1
-1.9214,-1.4831,1
-1.1812,0.1823,1
-1.2849,1.0423,3
-0.7311,1.3913,3
-0.6802,1.9180,1
-1.0266,1.3003,3
-1.3677,-1.7197,1
-0.1597,-1.7896,1
0.1788,1.4197,1
-1.2770,-0.5457,2
-0.2631,-0.4672,1
1.8964,0.3517,1
1.7574,1.0668,1
1.3629,-1.6644,1
-1.2963,-0.3445,1
0.9697,0.6288,2
-1.3843,1.2611,3
1.9164,-0.8986,1
-0.3923,1.2802,3
-1.9623,-1.9968,1
-1.1500,-0.2599,1
0.1792,-0.3635,1
-0.3094,-0.6061,1
-1.7556,-1.2432,1
0.1894,-0.5395,1
-1.9476,-1.5698,1
-0.7843,-0.9540,2
0.6593,-1.0377,3
-1.6868,0.5700,1
-0.6132,0.6077,3
1.9147,1.4577,1
1.9755,-0.3631,1
0.3879,1.3275,2
1.8670,1.5719,1
-0.3181,-0.2387,1
-0.8479,-0.1863,1
1.2512,1.0294,2
-1.3885,-0.3113,1
1.0731,0.0019,1
-1.1851,1.3887,2
0.5599,1.3035,2
0.0451,1.2789,1
1.1667,-0.3332,3
-0.3178,-0.4661,1
-1.0454,1.2157,3
-0.3126,-1.6321,1
0.8505,1.6191,2
-0.9404,-1.7694,1
-1.7691,1.3036,1
-0.0277,-1.8815,1
0.3214,0.6784,1
0.1283,-1.2765,1
1.5719,1.8902,1
-1.6568,-0.4275,1
-1.3137,0.5270,3
0.7907,-1.7855,1
0.7088,1.0650,2
-0.3436,-1.8755,1
0.2926,-1.6445,1
-1.0694,0.3278,3
0.9574,-1.3508,3
-1.7124,0.7775,1
-1.1032,0.3494,3
1.1727,0.6926,2
0.9826,1.3789,2
0.0081,0.1696,1
-0.5985,-1.1216,2
-1.5859,0.5348,1
1.6572,-1.1726,3
0.2039,-0.2420,1
-1.1308,-1.2846,2
0.2129,-0.9970,1
-1.7199,-0.1003,1
0.2376,-0.9275,1
-0.2325,-1.9449,1
1.8244,0.0632,1
0.0958,1.4647,1
1.4322,1.8788,1
-1.1069,1.5360,3
0.7095,-0.2601,1
0.8537,0.6091,2
1.6472,-1.1779,3
1.2181,-0.8978,3
-0.8615,1.3398,3
-0.2486,-0.8928,1
-0.2567,-1.0684,1
1.9047,1.0274,1
0.9446,0.4596,2
-1.4807,1.3527,3
0.9213,0.0622,1
1.0813,-1.0841,3
1.9567,-1.4369,1
-0.1650,1.7812,1
-0.3869,-1.0803,2
0.4637,0.6711,2
1.3694,-1.5856,3
0.3382,-1.6809,1
-1.2283,1.2637,3
1.0840,1.7830,1
-1.0677,0.7043,3
-1.4796,-0.2144,1
0.7177,-0.2578,1
-0.2629,1.5773,1
-0.1413,-0.8096,1
-0.6799,1.6542,1
-0.1113,1.0235,1
1.3889,-0.6383,3
1.9166,0.1334,1
0.9039,-0.7826,3
-0.7561,0.1497,1
-0.3539,0.6701,1
0.9643,-0.6122,3
-1.1545,1.1249,3
0.5080,-1.0164,2
-0.9099,0.3037,1
0.3434,-1.8076,1
-1.9890,1.5813,1
-0.0023,1.4979,1
1.2482,0.4017,2
-1.7184,1.6456,1
-1.9807,-0.7083,1
-0.4574,-1.7441,1
-1.1919,-0.8985,2
1.6509,1.6094,1
1.6841,-1.3004,1
1.3714,1.0429,3
0.0823,1.0539,1
0.1548,-0.9484,1
-1.6392,-1.7002,1
1.7842,-1.4185,1
-0.6428,-1.3992,2
-0.3996,0.1434,1
1.2313,0.9515,3
1.9872,0.6023,1
-0.2733,0.2864,1
-0.2301,-0.3422,1
0.0055,1.7401,1
-0.1776,-0.1051,1
-0.8628,0.2557,1
0.8537,0.0399,1
-1.7842,1.3972,1
0.8697,-1.0025,3
-0.2206,-1.7712,1
-0.2093,-1.7840,1
-0.5887,-0.0573,1
-0.2684,1.7125,1
-0.9053,-0.2820,1
1.5118,1.5404,1
0.9805,-1.3224,3
0.7490,1.5313,2
1.0989,1.7471,1
-1.9503,0.6167,1
1.1439,-1.6038,3
-0.8104,0.1868,1
-0.1624,1.5982,1
-1.2280,-0.6702,2
-0.6358,0.4245,3
-0.3035,-0.0637,1
1.9236,-1.0832,1
-1.5935,1.6657,1
0.9293,0.7647,2
-1.1508,0.8144,3
1.7667,-0.0417,1
0.9129,1.1479,2
0.2752,-1.0145,1
1.5801,-0.2425,1
-1.4024,1.1217,3
1.3330,-1.1818,3
-0.3911,-1.2582,2
-1.4377,-0.8517,2
1.0470,-1.9225,1
-0.7213,-1.0733,2
0.1272,-1.3066,1
1.3718,1.6063,1
0.8034,-0.1185,1
-0.1669,-0.5383,1
0.1926,0.0592,1
-1.0234,-0.6077,2
-0.3031,1.0011,3
1.3340,1.5634,2
-1.3632,0.6104,3
-1.2957,1.8891,1
1.5862,0.0163,1
-1.5735,-0.6119,2
-1.5854,-1.8085,1
-0.6118,0.0245,1
-1.8806,-1.7829,1
-0.0278,-0.8063,1
-1.3567,0.8906,3
-1.9439,0.2246,1
-1.3828,0.8614,3
-0.7441,1.5657,3
0.8213,1.1520,2
-0.9199,1.5784,3
0.9452,1.9930,1
0.6919,-0.6187,3
1.9002,-0.4994,1
1.1677,1.4729,2
1.8276,-1.8839,1
1.4885,-1.8278,1
0.7129,-1.2106,3
-1.4523,0.0453,1
0.2716,-1.1334,1
0.0118,-0.0533,1
1.1400,-1.1081,3
-1.5403,1.5838,1
1.8039,1.4840,1
1.3653,0.6517,2
-1.8798,0.4793,1
1.7658,-0.0322,1
-0.3641,-1.3193,1
0.3675,-0.7715,3
0.6648,1.5001,2
0.1140,-0.4881,1
-0.8583,-1.3481,3
-1.8376,-0.8884,1
-1.4356,-1.0845,2
0.4671,-1.7192,1
1.8426,-1.5990,1
-0.6658,-1.8332,1
0.9981,-0.1972,1
-0.5486,-1.8297,1
-0.0500,0.8351,1
1.3153,-1.0509,3
0.6273,0.0908,1
0.8311,0.2533,1
0.6187,0.8177,2
-0.1097,-0.7152,1
1.8136,-0.8727,1
-1.7838,0.4616,1
0.5866,-0.5403,3
-0.3623,0.9111,3
-0.0827,-1.1389,1
-0.3029,-1.8236,1
0.9886,0.8037,2
-1.0680,-0.3652,2
1.9871,-1.7465,1
1.9576,0.1438,1
-1.7911,-0.0426,1
-1.1388,0.1737,1
-0.3196,-1.2397,1
-1.6977,0.3980,1
1.0945,-1.6847,3
-1.2782,0.0124,1
1.2981,-0.9990,3
1.9653,-0.0669,1
0.8857,-0.0799,1
-1.3762,-0.1223,1
1.6467,0.0866,1
1.7969,0.9478,1
0.4087,-1.3718,3
0.4801,-1.0695,3
-0.5374,-1.9750,1
-0.6939,-1.2532,2
-0.6739,-1.9551,1
-1.8502,-1.9898,1
-1.3918,0.8958,3
-0.6799,1.5196,3
-1.8242,1.1663,1
-1.0110,0.9632,2
1.9758,-0.6281,1
1.7229,1.8519,1
-0.1320,-0.6855,1
-1.6715,0.6206,1
-1.1987,1.9468,1
0.2752,-1.9035,1
-0.3179,-1.2953,1
1.0091,0.0248,1
0.2139,0.2006,1
1.5053,1.1896,2
1.7445,1.1654,1
-1.3881,0.8883,2
0.4098,-1.2437,3
-1.7672,-0.9152,1
0.8026,-0.1139,1
-0.5827,-1.8388,1
-1.9579,-0.1567,1
-0.4372,-1.1476,2
0.6032,1.0663,2
0.8098,0.5716,2
-0.0204,0.3160,1
0.5213,0.9279,2
0.9150,-0.6622,3
-1.3769,-0.4294,3
-1.0481,-1.6268,2
-0.7726,-0.2095,1
-0.4005,-0.1673,1
0.6763,1.3955,2
-0.2221,-0.0013,1
1.0801,-1.1915,3
1.5720,0.7881,2
1.2292,-0.6905,2
-0.2252,-1.7755,1
-0.9234,-1.1524,2
-0.5367,-0.2006,1
1.7360,1.0268,1
0.1700,-1.3737,1
0.4473,1.3026,2
1.5770,-0.9195,2
1.7730,-1.8394,1
0.5406,1.7326,1
1.6243,0.9618,2
1.6359,-1.2634,3
-1.0147,-0.1868,1
1.9052,1.2765,1
1.1985,1.0125,2
-1.7178,-0.8175,1
1.1987,1.6298,2
-0.4893,1.2067,2
-0.1787,0.9798,1
0.9405,-0.4796,2
0.8477,-0.8553,3
-1.9355,-1.2194,1
-0.4943,-0.2341,1
1.7945,-0.3289,1
1.8827,-1.1304,1
0.9977,-0.8482,3
0.7391,-1.6495,3
-0.2170,-0.1388,1
-0.0925,1.6825,1
0.1926,0.6229,1
0.2103,-0.5293,1
-0.8102,-0.4648,2
-1.0941,1.0409,2
0.4352,0.8353,2
1.2409,0.7180,2
1.0592,-0.2843,1
-1.9400,-1.5452,1
-1.3094,0.2378,1
-1.4721,-1.8547,1
1.3450,0.3378,1
1.6825,-1.4519,1
-0.8353,-0.2621,1
1.4276,0.6438,2
1.4563,-0.9211,3
-0.8439,-1.6801,2
1.7256,1.3791,1
1.4468,1.4391,2
1.5186,-1.8703,1
-0.5485,-1.3424,3
1.0668,-1.9974,1
1.3051,1.6851,1
-0.9859,-1.1501,2
-1.7418,-1.7226,1
0.5432,1.7337,1
1.6635,-1.1102,3
1.5018,-1.3847,3
-0.9441,-1.9379,1
1.0647,1.5807,3
1.3113,-0.9678,3
1.7032,-1.9010,1
0.4328,1.4042,3
-0.2894,-1.5817,1
0.7263,-1.3235,3
0.3857,1.2197,2
1.1241,0.8832,2
-1.8177,0.3850,1
-1.3804,1.4409,3
-1.5039,0.5056,1
-1.4977,-0.1831,1
-0.8339,-0.4799,2
-0.1674,1.9530,1
0.1842,-0.3364,1
1.3857,-1.6101,1
-1.1354,0.7756,3
0.0771,-0.1004,1
-1.8205,0.0819,1
0.8972,0.7015,2
-0.3230,1.1975,1
-1.9624,1.6998,1
1.4303,-1.1341,3
0.9221,0.6985,2
-0.1821,-1.1173,1
-0.8679,-1.7316,1
-0.8773,-0.8670,2
-1.6670,1.2101,3
0.4265,1.3896,2
0.9050,0.2868,1
0.8245,1.9639,1
-0.7504,-1.9985,1
-0.5083,1.4318,3
1.2538,0.3538,2
-1.0311,-1.8282,1
-1.6524,-0.6961,1
-1.8839,0.4266,1
0.6602,0.7596,2
1.1039,-0.8139,3
-0.3705,-1.9089,1
0.8566,0.9156,2
1.2812,-1.8348,1
1.4055,-0.3431,1
-1.6043,-1.0893,2
-1.9156,-0.1204,1
-1.3442,0.2272,1
-0.5045,0.3434,1
1.4683,-0.9964,3
-1.3488,-1.8924,1
-0.7763,-0.2629,1
-1.9170,-1.4063,1
0.9062,1.8748,1
-0.2692,1.2803,1
1.9872,1.6760,1
-1.4025,1.7604,1
-0.6205,-1.5838,2
1.4653,-0.0883,1
1.9777,-0.6200,1
1.2497,0.0312,1
1.7077,1.2549,1
-1.7432,1.3378,1
1.7215,0.2440,1
1.3514,1.9748,1
-1.3618,1.9621,1
0.8357,-1.4405,3
0.9128,-0.0610,1
-0.7828,-0.5957,2
-0.1351,-0.6180,1
1.5163,-1.3683,3
-0.7247,-1.6606,1
-1.2286,-1.4038,2
-1.1389,-1.6823,2
-1.1743,1.6691,3
-1.9294,-1.6928,1
0.9916,1.1429,2
-0.3270,0.0557,1
-1.2294,1.2728,3
-0.2201,-0.8622,1
-1.8307,-1.3459,1
-1.4101,-0.0706,1
-1.7346,0.7008,1
1.2787,1.5619,3
-1.4640,-1.6124,1
-0.2319,-1.5417,1
0.9624,1.4499,2
-1.2839,-0.8771,2
-1.5911,-0.1065,1
-0.4940,1.6734,1
1.9851,1.8427,1
1.0960,-1.5673,3
0.5463,-1.3020,3
0.5928,1.9767,1
0.9570,-1.4874,3
0.9903,0.2808,1
1.3308,-0.7569,3
0.8142,-0.0408,1
-1.6467,0.3681,1
-0.8347,1.8741,1
1.1150,1.8593,1
-0.2812,0.9553,1
0.2521,-0.4984,1
-0.5140,-1.9056,1
-1.7181,1.0514,1
1.4654,0.0417,1
1.1071,-0.6275,3
0.1988,-1.8133,1
0.4133,-1.4600,1
-1.4788,-0.2947,1
0.3026,-1.1797,1
1.9267,0.5391,1
-0.0165,-1.2088,1
-1.2618,0.2772,1
1.4697,0.5591,2
0.7137,0.0245,1
-1.7614,-0.8683,1
1.0065,1.3305,2
1.7337,-0.2563,1
0.8290,0.2650,1
-0.2016,-1.4325,1
-1.3728,-1.5058,2
0.4112,0.4777,1
-0.3032,1.2159,1
-0.9231,0.6856,3
1.5083,-0.6007,3
1.9814,-0.3621,1
-0.1730,-1.3556,1
1.8592,-1.6220,1
0.4315,1.2070,2
0.7090,-0.9946,2
1.8068,-0.3674,1
1.4438,-1.9562,1
1.8720,-0.2593,1
0.5774,0.8176,2
1.8420,0.3259,1
1.1311,0.3073,1
1.5519,-1.8657,1
1.3031,1.9935,1
-1.2019,0.4250,3
-1.4419,-0.8660,2
-1.1145,-1.0592,2
-0.2927,-1.6154,1
-0.9934,-1.7434,1
1.5219,0.8340,2
-1.2772,0.6760,3
1.3230,-0.1930,1
1.5610,-0.6411,3
-1.5565,-1.3380,2
-0.2961,-0.5398,1
0.1713,0.0182,1
1.6442,0.9038,2
0.7497,-1.3890,3
-0.1010,-0.3823,1
0.7890,-0.8604,3
0.4965,-0.1376,1
-1.4701,-0.8146,2
-1.1294,-1.2535,2
-0.6544,-0.8101,2
-0.1860,0.8938,1
-1.2925,-0.9349,2
-1.2651,-1.2907,2
-0.2969,1.4590,1
1.0560,-0.6420,3
-1.3346,-1.8531,1
-0.8913,0.6434,3
-1.7719,1.1733,1
-0.8456,-1.9561,1
1.4397,-0.6105,3
0.3870,1.2035,2
0.7945,1.9110,1
-0.7798,-1.3540,2
0.5497,0.3491,1
-1.5098,-0.5949,2
-1.9516,0.0704,1
-1.2537,1.1792,3
1.3065,1.4072,2
1.0522,-1.4383,3
1.5444,-1.9986,1
-0.7736,0.3884,3
-0.1978,-0.8172,1
1.4432,0.4030,1
-0.2066,-1.0473,1
1.6026,-0.5571,1
0.7698,-0.5087,2
0.0839,0.2376,1
-1.9587,-0.4559,1
-0.8278,-1.4037,2
0.3469,-1.8593,1
-1.0888,-0.6329,2
0.6789,1.1693,2
-1.6423,0.6125,1
0.6825,-1.5941,3
1.3564,-1.9914,1
-0.5647,0.7783,3
-0.4153,-1.1378,2
-1.0868,-1.0965,2
1.6489,0.0757,1
0.9464,-1.5774,3
0.2451,-0.6662,1
1.9323,-1.9873,1
0.8022,-1.6295,3
-1.9248,1.0530,1
0.3008,0.4093,1
-0.0307,1.8446,1
1.1292,-0.5707,3
0.5266,0.3425,1
1.4682,-0.0086,1
-0.9939,-1.0622,3
0.6847,1.1829,2
-0.2696,1.1152,1
1.9454,-0.0826,1
-1.2270,-0.0074,1
0.0065,-1.7066,1
1.2485,0.2627,1
1.2689,-0.6081,3
-1.8485,1.9185,1
-0.0624,1.3867,1
-0.2006,-1.6072,1
0.0839,1.0775,1
1.7021,-1.1921,1
-0.6670,-1.2466,2
1.3344,-0.4736,2
-1.6113,1.5328,1
1.8524,0.7814,1
1.1607,0.0503,1
1.8983,0.2018,1
0.9784,-1.8606,1
-1.9501,-0.0612,1
0.0592,-1.9774,1
1.2514,1.7247,1
1.5588,-0.9423,3
-0.2164,-1.6080,1
0.0010,-1.2193,1
0.5119,-1.3669,2
-0.7145,1.7938,1
-0.5490,1.6921,1
-0.4649,0.6705,3
-0.9942,0.7204,3
-1.1306,-1.2205,2
1.8104,-1.9691,1
1.5593,1.5897,1
-1.9384,-0.6267,1
0.0903,1.3743,1
1.6518,-0.1138,1
1.9946,1.1717,1
0.3878,-1.3773,1
0.9827,0.1578,1
1.7169,1.1636,1
0.3900,-1.9670,1
-0.9144,1.8434,1
1.5059,1.4027,2
0.9839,1.4643,2
0.8539,-0.4454,3
1.5047,-0.7936,3
-1.2114,-0.7990,3
-0.1337,1.5888,1
0.6360,0.5715,2
0.0763,0.2884,1
-1.7631,-1.3216,1
1.1771,-0.2361,1
0.1482,-0.7302,1
-1.2910,-1.7463,1
-1.3570,1.1077,3
1.9513,0.6123,1
-0.8542,1.4009,3
-0.4880,-0.7328,2
0.5009,1.9032,1
-0.3525,-0.0205,1
1.9578,0.2164,1
0.3009,-0.6065,1
-1.5125,1.5417,1
0.0767,-1.7493,1
1.1303,-1.1063,3
-0.2616,-1.1550,1
-0.4470,-0.0092,1
0.5685,1.5028,2
1.1729,0.0037,1
0.3488,1.6512,1
1.8130,1.6090,1
-0.0444,-0.0900,1
-0.1378,0.3974,1
1.0386,-1.5258,3
-1.5313,1.6044,1
-0.9935,-0.6572,2
-1.8433,0.8958,1
0.7077,-0.5356,2
0.5259,-1.3627,3
0.2473,0.9860,1
1.9483,0.7991,1
1.8657,-1.2453,1
-0.8234,0.6169,3
0.0293,-0.3445,1
1.1326,0.1242,1
-0.8703,1.1308,3
1.9717,1.2874,1
-1.1955,-0.0049,1
-0.8599,-1.4789,3
1.4795,0.7684,2
-0.5299,0.7167,3
1.0697,0.5824,2
0.5792,1.7590,1
-1.5138,-0.2118,1
0.8674,-1.0791,3
-1.1471,0.0505,1
-1.8187,0.0222,1
0.4056,0.8267,2
0.0941,1.9668,1
0.4200,1.4463,1
-0.2681,-1.0836,1
1.8428,1.9860,1
0.7085,0.5652,2
-1.8090,1.0515,1
1.3290,-0.0812,1
-1.4087,0.7718,3
-1.0156,0.9531,3
-1.3352,-0.6413,2
0.3405,1.4529,1
-1.4628,-0.1272,1
-0.4977,1.6047,1
-0.8160,1.4475,3
1.4482,0.1560,1
-0.5287,0.3470,1
-0.7173,-0.3240,1
0.0149,0.2673,1
-1.2023,1.2516,3
-0.3974,1.9165,1
-0.7657,0.2570,1
-1.1672,0.7941,3
1.8775,-1.7036,1
1.8386,-0.5196,1
1.7857,-1.0714,1
0.2981,0.3999,1
1.8619,1.6826,1
1.3446,-0.3025,1
-0.4009,0.4952,1
0.8067,-1.9021,1
-0.6270,-0.6679,2
1.3922,0.1649,1
1.2842,0.0424,1
0.7810,-0.1190,1
-0.2748,-0.3333,1
0.8255,1.9648,1
0.2727,1.8268,1
1.3959,1.1714,2
0.7864,-1.2295,3
-0.5715,1.5772,1
1.9870,-1.0498,1
-1.1974,-1.6576,3
-1.5877,1.6266,1
-1.6817,0.4076,1
-0.2952,-1.8672,1
-1.9801,0.9583,1
-1.2651,-0.7690,2
-0.8675,-1.3731,2
1.2277,1.4132,2
1.8181,-1.1583,1
-1.4936,-1.1713,2
0.5268,-0.3687,1
0.7121,0.0436,1
-1.0602,0.3619,3
-0.9515,-1.9334,1
0.8239,-1.9135,1
-1.4358,-1.1786,2
0.1313,-0.0461,1
0.8697,-0.8184,3
-1.6214,-1.0003,2
-0.5354,-0.4939,2
1.5009,-1.9671,1
-0.1206,0.7450,1
1.8846,1.6848,1
-1.7026,-1.2667,1
-1.1570,1.5572,3
-1.6532,-1.8786,1
-0.9184,0.2527,1
0.4433,-0.8776,3
1.2182,-0.4990,3
-1.1652,0.9656,3
1.2801,0.4665,2
1.3567,-1.6541,1
-0.5231,-1.7694,1
-0.0411,-1.4720,1
0.5076,-0.6290,3
1.1427,-0.2822,1
-1.4008,0.7994,2
-1.9905,-0.7572,1
-1.3985,-1.5390,2
0.1932,-0.7042,1
-0.7089,-1.4241,3
-1.5781,1.9326,1
0.2977,-0.5905,1
1.8583,1.3684,1
0.1522,-0.1241,1
-1.9968,-0.9814,1
-0.0242,-0.3822,1
0.2010,-0.3727,1
1.5486,0.2288,1
0.3972,-1.5780,1
-1.7886,-0.2869,1
-1.5079,0.1350,1
-0.8813,-1.5673,3
-0.0241,-1.7090,1
1.3611,0.4431,2
0.1173,0.4464,1
0.5912,-1.5779,1
-0.1354,0.6231,1
0.3807,0.1716,1
1.3579,-1.4312,2
-0.3692,-1.2198,2
-1.5204,-0.7277,3
1.2610,0.3910,2
1.4519,-1.6331,1
1.0111,1.7280,1
-1.5537,-0.1547,1
0.9001,-1.5635,3
0.9716,0.3010,2
-1.3296,-1.3182,2
-1.4020,-1.9603,1
-1.0524,-0.3295,3
1.0103,0.1501,1
1.2081,-0.5889,2
1.8385,-1.1370,1
-1.2401,1.8741,1
-1.8755,-1.6795,1
-0.0646,1.2205,1
-1.8316,0.1921,1
-0.9755,0.8625,3
-1.9477,1.4605,1
1.6488,-1.5919,1
-1.9745,1.4185,1
-0.3255,0.6265,1
-0.2856,0.4651,1
0.1213,1.2250,1
0.2561,1.3494,1
-1.7638,-0.7152,1
0.6528,-0.5468,3
1.3704,0.4777,3
-1.2302,0.5300,3
0.2088,0.1788,1
-0.6817,0.2043,1
0.5779,1.8788,1
-0.7514,-0.4068,3
-1.2177,1.7145,1
-1.8099,-0.0294,1
1.9184,0.2068,1
0.8672,-1.1404,3
-1.9918,-1.7701,1
-1.9883,-1.0003,1
1.4758,1.2085,2
1.3479,-1.4731,3
0.6386,1.1048,2
-1.4442,-1.6467,1
-1.0620,-0.8644,3
-1.4548,-0.6743,2
1.5019,-0.7559,3
1.7433,-1.8887,1
-0.5621,-1.8805,1
-0.3898,-1.8687,1
-1.6875,1.6070,1
-0.8065,0.9550,3
-1.7212,-0.4064,1
1.2428,0.1493,1
1.8000,1.0874,1
-1.9283,1.6326,1
0.3139,1.1345,2
0.7630,0.8778,2
-1.9285,-1.6843,1
-0.3900,-0.0740,1
-1.8517,0.2385,1
-0.1050,1.4320,1
-1.8314,1.7107,1
-0.4530,0.9536,2
1.2787,0.7536,2
0.1460,0.8253,1
0.3390,-0.8608,3
1.7761,1.9022,1
-0.6754,1.9737,1
0.9926,-0.4163,3
-1.2082,-0.2680,1
0.1981,1.6270,1
0.5594,1.7957,1
-1.4858,-0.6573,2
-1.3816,-1.3786,2
1.8100,0.7674,1
0.6341,-0.8935,3
-1.4072,-1.1174,2
-0.5707,0.2072,1
0.5815,-0.8003,3
-0.3403,-0.0084,1
0.9763,-1.8104,1
1.7250,0.7490,1
-1.8157,1.2632,1
1.5973,1.8816,1
-0.2362,1.6916,1
0.7556,0.3257,1
-1.1133,0.9185,3
0.9199,-1.6523,3
-1.0732,0.9292,3
-1.4825,-1.4111,2
-0.1598,1.5652,1
