1.767362,1.437154,1
-1.903808,1.682274,1
-0.548271,-1.674431,1
-1.998612,-1.752741,1
0.670076,-1.372640,3
1.429977,0.171430,1
1.148503,-1.218111,2
0.860920,-1.226188,3
-0.713648,1.818115,1
-1.646386,-1.548308,1
1.333685,-1.780946,1
1.689492,-1.684755,1
1.780797,-0.233026,1
-1.052714,-0.231638,1
1.484287,-1.561562,1
1.337884,1.868415,1
0.137899,1.016918,1
0.438010,-0.122162,1
-1.892907,1.164190,1
0.956222,1.517803,2
-1.413729,0.851488,3
-0.346526,0.540980,1
0.402950,0.321777,1
1.477996,1.269063,2
-1.199699,0.753350,3
0.749965,0.091234,1
0.871059,-1.770867,1
1.774042,0.667143,1
-0.549163,0.774236,3
0.945747,-0.269542,1
-1.107651,0.316729,3
1.058005,1.970203,1
-0.461094,0.373153,1
-0.213218,-0.148851,1
1.803019,0.651450,1
0.257695,-0.598585,1
-1.419213,-1.727526,1
-0.079204,-1.953484,1
-0.861357,-0.502647,2
1.520680,-1.556899,1
-0.579480,-0.664550,2
0.171848,-1.606545,1
-0.535844,-0.067639,1
1.078241,1.719142,1
1.961389,1.522162,1
1.597886,-0.220143,1
-0.674382,0.360644,1
1.282483,-1.718560,1
1.906491,-0.579917,1
1.304735,-1.059238,3
-1.566562,0.361282,1
1.878870,-1.466870,1
1.294505,-0.002715,1
-0.916707,-0.924474,2
-1.276770,-0.963085,2
1.014618,-1.365199,3
0.707420,-0.039581,1
0.672697,-0.757098,3
0.684489,-0.850607,3
-1.806366,-1.545872,1
0.145880,-1.112434,1
-0.566425,-1.233564,2
-0.885274,-1.939059,1
0.728237,-0.855766,3
-1.939110,-0.132536,1
-1.084295,-1.117918,2
1.550377,1.589502,1
-1.454308,0.262199,1
-0.177553,-1.053313,1
-1.480715,-0.859679,3
-1.843115,1.286201,1
0.155768,-1.280224,1
-1.312220,-0.165499,1
-0.782923,-1.437262,2
0.821900,-1.376372,3
-0.536362,-0.460667,1
-1.259823,-0.910290,2
-0.022864,-0.364598,1
-1.543004,1.457849,1
-1.913751,1.977134,1
-1.830369,-1.865981,1
-0.859422,0.289787,1
0.877962,0.977567,2
-1.323713,-1.805356,1
1.618846,1.016544,2
-1.571130,-1.519818,1
0.120975,-0.779641,1
1.402583,1.197495,2
0.946390,1.654491,3
1.436884,1.740741,1
-0.932300,1.910371,1
-0.015284,-0.949050,1
1.621508,1.928912,1
1.092802,-1.394800,3
1.126834,-1.775954,1
1.784494,-1.347084,1
-0.018513,0.773891,1
-0.731810,0.176474,1
0.190295,-0.877136,1
0.570249,-1.440252,3
0.927337,-0.372552,3
1.418444,1.612164,1
0.199338,1.233673,1
1.957799,0.326475,1
-0.089096,-0.546691,1
0.880552,-0.762197,3
-1.669618,1.219291,1
1.000572,-1.512519,3
-1.131743,0.677776,3
0.390433,-0.751974,3
1.653350,-1.824638,1
-1.173362,1.593806,3
1.050875,-0.206856,1
-0.795975,-0.249057,1
1.962375,1.661847,1
0.944771,0.542399,2
0.580083,0.872781,2
-1.010715,-0.126647,1
-0.425038,0.741610,3
1.283503,-0.867957,3
-0.448207,-1.214607,2
-0.552470,-0.387970,1
-1.044568,-1.337094,2
1.697006,-0.133069,1
-1.234945,-0.170694,1
1.286413,-1.225923,3
1.045575,1.354160,2
0.024027,-1.656555,1
-0.510039,-0.081592,1
1.633671,-0.798089,3
1.025406,0.753704,2
0.592504,-1.798766,1
-0.246592,-0.843334,1
0.707456,-1.146328,3
-0.587552,-0.381273,1
1.779286,-1.094859,1
-1.311476,1.950716,1
-1.529458,-0.025257,1
0.125914,1.464704,1
0.522897,1.098374,2
-1.948078,0.123780,1
0.366340,-1.283716,3
0.292789,0.469692,1
0.882143,-0.822852,3
-0.661572,0.589596,3
-0.375980,0.368882,1
0.683689,1.057406,2
1.097518,1.527948,2
1.854793,-0.346137,1
0.530475,-1.823240,1
0.408068,-1.771318,1
-0.960635,0.595022,3
1.871896,-1.112189,1
1.861093,1.769953,1
-1.296039,-0.891618,2
1.165557,0.732402,2
0.532293,-0.583909,3
-0.150255,-1.486391,1
1.141940,-1.631598,3
1.898838,0.898877,1
1.754111,-0.693055,1
-0.266836,0.346310,1
-1.571500,0.218206,1
-0.406471,0.079299,1
1.935705,0.783260,1
-1.132522,-0.051183,1
-1.831868,-1.518890,1
0.526193,0.330855,1
-1.587798,-0.527205,1
1.952074,-0.628366,1
1.668706,-0.874255,3
1.614019,0.858908,2
0.154354,1.287408,1
-0.417501,-1.119063,3
-1.219402,-1.183357,2
-0.912921,-0.315880,2
-1.874039,-0.147747,1
-1.419066,-1.621554,1
-0.450483,-1.209352,2
0.886502,-1.257277,3
1.122364,-1.588572,3
-1.334829,-1.974553,1
-1.445712,0.179801,1
0.661612,1.762300,1
0.848235,-1.457101,3
-0.181883,-0.370023,1
0.736817,-0.244061,1
-1.863374,0.336873,1
1.867291,1.886390,1
-0.929249,0.772892,3
1.645845,-0.104745,1
1.346684,0.560426,2
-0.093570,1.114714,1
1.753586,-0.223674,1
0.481678,-1.375439,3
0.026413,0.442678,1
1.255269,-0.820505,3
0.336377,-0.683879,1
-0.204069,-0.816588,1
0.046134,0.254162,1
1.039059,-0.099993,1
-1.556588,-0.753309,2
-0.126787,1.153121,1
-0.517185,0.906707,3
-1.145283,-0.611615,2
-1.230482,1.414799,3
0.314297,0.670067,1
-0.384986,-0.993556,2
1.252604,0.802376,3
-1.223416,-1.151490,2
-0.926544,1.887569,1
1.265583,-1.669019,1
-1.981863,0.204194,1
1.885405,1.687009,1
-0.471000,-1.458274,2
1.797155,-0.688756,1
-1.492011,1.625541,1
0.398317,-0.759446,2
-0.395234,-1.506842,1
-0.005373,-0.730258,1
-1.361350,0.343198,1
-0.817320,-0.391219,3
0.973401,-0.373082,3
1.917244,-0.487677,1
1.767793,1.041323,1
-0.993272,0.838478,3
-0.339539,1.346466,1
-1.015738,-0.255217,1
-0.685493,1.349549,3
-1.552872,-0.655824,2
-1.571741,-0.017174,1
-1.703042,1.165506,1
-1.503362,0.138908,1
0.900512,0.056152,1
-1.008605,-0.176055,1
1.624004,0.830673,2
1.567856,-1.508865,1
1.137250,-0.524603,3
1.947198,0.789904,1
-0.749696,1.237032,3
1.823152,1.665291,1
-1.260803,1.962249,1
1.264024,-1.541112,3
1.415768,1.359400,2
-0.920164,-1.649205,2
-0.214773,1.974799,1
-0.670904,1.542655,3
-1.780569,0.679905,1
-1.145450,0.627103,2
-1.160782,1.877407,1
0.168062,1.700559,1
-0.520267,-1.560244,1
1.956910,1.703780,1
-1.427006,1.119548,3
1.245230,-1.800616,1
1.741412,-0.015388,1
1.068266,1.313708,2
0.886256,1.533139,2
-1.820358,-1.612311,1
-1.737068,-0.773093,1
1.583254,1.394970,1
0.568868,-1.125297,3
-0.483269,-1.168388,2
-1.076518,-0.595394,2
1.689632,-1.350163,1
0.806578,-1.608752,3
-0.101677,1.459515,1
-1.467278,0.345770,1
-0.152973,0.525412,1
-0.211565,0.788344,1
-0.392750,0.371599,1
-0.873375,-1.059534,2
-0.914244,0.457197,3
-1.251334,1.380679,3
1.531125,1.070311,2
0.512968,-0.123111,1
1.479423,1.775212,1
1.759586,-1.692066,1
1.572888,0.154961,1
1.773879,1.943395,1
-0.798223,-0.449355,2
0.024645,0.677270,1
1.722215,1.763026,1
0.251397,-1.488308,1
0.185186,-1.957183,1
0.768811,0.555786,2
1.743685,0.035209,1
-1.821926,-0.205205,1
0.958233,-0.632317,3
-1.736196,-0.858438,1
-1.642280,0.343339,1
0.823234,-1.632017,3
0.229215,-1.909802,1
-1.907607,0.341595,1
-0.663751,-1.473219,2
-0.349582,1.295593,1
1.841475,1.039278,1
-0.192256,1.217352,1
-1.918052,0.175585,1
-1.488889,0.439389,1
-1.116330,0.797109,2
0.806874,-0.379657,3
1.407349,1.849557,1
1.770849,1.941950,1
-1.353959,-0.721800,2
-0.435950,0.928617,3
-0.962155,0.770092,3
0.546849,-1.422163,3
-0.149353,-1.340216,1
0.522129,-0.829105,3
-1.664828,0.054565,1
-1.508446,-1.138560,2
-0.984081,-1.731211,1
-0.369518,-1.960362,1
-1.413360,-1.314321,2
-1.930421,0.249729,1
0.848110,1.287574,2
-1.334081,-0.165577,1
-0.298919,1.685070,1
-1.088173,0.207199,1
0.561962,0.542372,2
1.009206,1.033926,2
-0.923207,-1.950155,1
0.993938,-0.319673,3
-1.146968,0.266967,1
1.990327,0.336545,1
0.056238,-0.815345,1
0.892242,-0.149425,1
-1.693918,1.551655,1
0.379706,-1.536518,1
-0.375774,1.025444,3
0.923311,0.034651,1
-0.916164,1.111444,3
1.513150,0.105382,1
-0.017899,0.958414,1
-0.863268,0.948741,2
0.541091,-0.995021,3
1.233024,1.897221,1
-0.240620,-1.796698,1
1.970807,0.583009,1
-1.610567,-1.792765,1
1.350430,1.130546,2
-0.654646,-1.785618,1
1.390123,1.727532,1
1.115219,-0.290367,1
-0.892719,0.846365,3
-0.564112,-0.612544,2
0.949151,-1.379520,3
0.312988,0.379860,1
-0.771520,0.350667,3
-1.392545,0.740099,3
1.011875,0.090530,1
1.450945,1.435884,2
1.001459,0.826007,2
-1.342645,-0.058775,1
-0.728334,1.048506,3
-1.165282,-1.515606,2
-0.597252,1.433545,3
-0.132000,-0.253467,1
0.536553,0.975013,2
-0.211884,1.582469,1
-0.753087,0.594344,3
1.836256,0.045289,1
0.639981,-0.953252,3
-0.828762,-0.295897,1
-0.587871,0.975769,3
-1.500615,1.810487,1
-1.025904,-0.786764,2
0.069287,1.081235,1
-0.455662,-0.382211,1
1.370056,1.405904,2
1.935874,-1.347183,1
0.592221,-1.510927,3
-1.315547,1.129054,3
-0.397309,-1.699707,1
-1.537845,-0.287578,1
0.370125,0.211806,1
-1.237511,1.185902,3
0.588399,-0.744810,3
0.160841,0.799528,1
-1.291704,0.169585,1
0.838221,0.105458,1
1.562488,-1.302320,3
0.332045,-0.617867,1
0.148349,0.984824,1
1.668756,1.446979,1
-1.835068,-0.182897,1
-1.528404,0.579592,3
-0.008505,-0.832009,1
0.592630,1.328832,2
-1.188447,-1.962872,1
0.436380,0.875349,2
-1.285975,0.437837,3
1.480743,-1.230119,3
-0.623484,0.918230,3
1.572581,0.586986,1
1.481068,0.751918,2
-0.398639,1.223514,3
0.907556,-0.784991,3
-0.531059,1.807639,1
0.829854,-1.380808,3
0.360352,1.055572,2
1.996308,1.769597,1
0.329944,1.250340,1
0.045713,-1.373144,1
-1.253695,-1.800563,1
0.893876,1.680504,2
0.858551,-0.718135,3
-0.597183,-1.810579,1
-0.884925,-0.341638,2
-1.843836,-1.511783,1
1.234382,0.848569,2
-0.812052,0.844877,3
-0.420649,-0.825179,3
0.740635,1.220534,2
0.820150,1.966839,1
-0.513350,0.860715,3
0.905068,-0.280734,1
1.547000,1.122083,2
-0.596059,-1.762842,1
1.068521,-1.606678,3
-0.647708,1.627704,1
0.691636,-1.184348,3
1.800576,0.395003,1
-1.840143,-0.864361,1
-0.854006,1.955789,1
0.331568,-0.557562,1
1.197647,-1.652494,3
-0.654410,1.894506,1
1.682955,-0.701553,1
1.678682,-1.633032,1
-1.837374,-0.280740,1
1.495139,-1.589104,1
-0.327472,-1.788528,1
-0.975261,-1.628670,2
1.597483,-0.482676,1
0.137066,1.848892,1
1.537365,1.046538,2
0.656929,-1.607872,3
-1.101424,-1.924917,1
1.377381,1.753765,1
0.249509,1.916391,1
-1.250660,1.411530,2
-1.935175,-0.915942,1
-0.224687,0.108796,1
-1.378561,-0.293720,1
1.423354,1.843346,1
1.667708,1.380711,1
-1.740433,0.037639,1
-1.254067,0.936215,3
0.530745,0.313597,1
-1.317474,-1.436895,2
-1.446433,-0.687554,2
-1.164497,-0.622730,2
-0.671087,1.152583,2
0.193652,1.774022,1
-1.424285,1.197376,3
0.806670,0.865084,2
-1.915837,1.124651,1
-0.246215,1.870584,1
1.498489,0.401330,1
-1.003041,1.083855,3
0.411820,1.637422,1
1.238210,-1.527075,3
-0.851342,-0.198162,1
-0.832097,1.995490,1
0.893427,-1.428795,3
-1.537703,1.377875,3
-0.588123,1.462038,3
-1.600903,-0.784178,2
0.322532,-1.285688,1
0.559564,-0.288729,1
1.359701,-1.876909,1
-0.527716,1.361301,3
-1.037863,-1.490041,2
1.604574,-0.322138,1
0.021032,-1.428711,1
1.634867,-0.966414,3
-1.886214,0.445463,1
1.717357,0.844560,1
1.191512,-0.832908,2
-0.933004,1.726657,1
0.026336,1.086358,1
0.623097,-1.441358,3
1.692784,-0.479221,1
0.564309,-0.874647,3
-0.568675,1.146385,2
-1.130455,0.781252,3
1.685640,0.895038,2
-0.036227,0.612395,1
-0.542272,-0.196094,1
-0.334005,0.870903,3
1.585533,-1.102762,3
-0.371839,1.520336,1
1.032091,1.213120,2
-1.054020,-0.222571,1
-1.462269,1.208754,3
-1.299229,-1.921701,1
-0.102603,1.763939,1
-0.460513,-0.272288,1
-1.973864,1.185440,1
1.679878,-1.148565,3
1.060276,-1.563032,3
-0.472968,0.065129,1
-1.447571,-0.902780,2
-0.901394,0.043199,1
0.770136,0.580930,2
1.588050,1.281701,2
1.187216,-0.820901,3
-0.318580,0.718585,1
0.788018,0.744721,2
-0.301477,0.424599,1
1.479931,-0.515125,3
0.158577,1.011907,1
-1.642442,1.564336,1
-0.230340,-1.337058,1
-1.040808,1.433078,2
1.357477,1.021128,2
-0.165939,0.208344,1
-1.925416,1.889764,1
-1.957180,0.677783,1
1.196495,-1.623694,3
1.201605,1.856237,1
1.643683,0.014813,1
0.150890,0.372372,1
-0.244684,-1.857968,1
1.402942,-0.898776,3
1.631497,-1.541300,1
1.141754,0.292762,1
1.831110,0.367346,1
1.239051,0.410166,2
-0.608287,-0.393340,1
-0.031025,-1.191735,1
-1.968889,-1.548052,1
-0.894846,0.602838,3
-0.256467,-1.641846,1
1.044855,1.761096,1
1.779255,1.392593,1
1.534783,0.534347,1
-0.501345,0.365457,1
1.352291,-0.395492,3
1.883711,0.996222,1
-1.208564,-1.034803,3
-0.444602,-1.003692,2
-1.665827,0.101462,1
-0.514680,1.844996,1
0.778499,0.889851,2
-0.827099,0.669105,3
-1.973996,0.203888,1
-0.828131,1.702543,1
-1.314921,1.054834,3
0.608455,0.938545,2
0.138492,1.729980,1
0.476793,-0.714622,3
1.267043,-0.380449,3
0.660131,1.104870,3
0.411374,-0.116631,1
-0.076288,1.056270,1
-1.171357,1.082275,2
0.267921,-1.745857,1
0.072657,-1.060777,1
1.481902,1.547678,1
1.887368,-0.313830,1
-0.741969,-1.837037,1
1.625002,1.430006,1
-1.906565,0.090138,1
-1.593135,-1.498489,1
1.610144,0.425223,1
-0.517471,1.253865,3
-0.441198,-0.478213,1
-0.662383,1.594444,3
-1.828734,1.076346,1
-0.056540,0.963714,1
1.445634,-1.778255,1
0.233186,1.846747,1
0.640288,1.940183,1
0.152261,-1.652953,1
1.547602,1.957191,1
1.999215,-0.560280,1
1.533101,0.998522,2
1.321132,-1.663861,1
-1.951616,-1.492595,1
-1.676685,0.450865,1
0.284415,-0.103501,1
-1.591521,-1.870316,1
-0.037452,0.769972,1
-0.393244,-1.077767,2
-0.247526,-1.530165,1
-1.676584,-1.530950,1
0.148222,-1.997849,1
-0.505184,1.323283,3
-1.564146,1.371667,3
0.453238,1.694982,1
1.434337,-0.020603,1
-1.362820,0.387876,1
-0.313230,-1.649575,1
0.676543,-0.042820,1
-1.986636,1.709655,1
-0.692625,-1.966930,1
-1.958893,0.181293,1
-0.226640,1.676109,1
1.841753,-1.888037,1
0.417551,0.565201,1
1.444214,-0.000462,1
0.367375,0.636718,1
-0.579778,-1.676512,1
1.243040,1.000032,2
-0.011909,1.013395,1
-0.797022,-1.679230,1
-1.113087,-1.638123,2
-1.427000,0.135237,1
1.582370,-0.023010,1
-0.036593,-1.605459,1
-1.960574,1.838755,1
-1.905158,0.206130,1
0.538134,1.626352,1
-0.668148,0.869392,3
0.082749,-1.142517,1
0.543301,0.060461,1
1.036923,0.947374,2
-0.288162,1.520374,1
-1.937138,1.102745,1
0.525850,-0.933849,3
1.554038,-0.894423,3
0.581764,-0.799581,3
-1.753792,1.738553,1
0.234140,-0.929595,1
1.222104,1.153154,2
1.223463,-0.303545,1
1.545592,-1.266622,3
-1.770403,0.445217,1
1.048840,0.508079,2
1.845073,-0.966071,1
-0.964154,-1.412033,3
0.065375,1.169731,1
-0.698966,1.415939,3
-1.836956,-0.349921,1
-0.105554,-1.127817,1
-1.516668,-1.904354,1
-0.867323,1.641238,3
-1.270603,1.870835,1
1.846491,0.919674,1
0.066330,0.764747,1
-0.647680,1.800593,1
-0.256112,-0.134032,1
1.335874,1.167001,2
-1.333586,1.330046,3
1.067358,-0.775508,3
-1.378543,-0.292177,1
1.872011,0.840501,1
1.855943,1.569898,1
0.285092,1.416389,1
1.222320,-0.517281,3
-0.806523,0.835040,3
1.752601,-1.421073,1
-0.518544,1.914801,1
0.626250,-1.418785,3
-0.578876,1.648573,1
-0.911820,-1.729970,1
-1.149117,-1.857959,1
-1.745177,1.997983,1
1.529598,0.283075,1
-0.275952,-0.494605,1
0.683244,0.698872,2
1.443033,0.451473,1
0.068790,1.932929,1
1.861549,0.559179,1
-1.015647,1.980303,1
1.331649,-0.931517,3
1.386769,-0.080634,1
0.282389,0.174190,1
-1.252093,-0.296212,1
0.629815,1.427836,2
-0.005558,0.111080,1
-1.805891,-0.445887,1
0.972702,1.622903,3
-0.333903,1.484452,1
-1.059293,-1.531195,2
1.863889,1.800455,1
1.057101,1.187224,2
0.392354,-0.530387,1
-0.274410,0.217520,1
1.341901,-1.152665,3
0.463608,0.841777,2
-1.715814,1.035886,1
-1.443761,0.008588,1
-1.238780,1.674686,1
1.525381,-1.384608,2
0.269845,-1.520719,1
0.082792,1.536382,1
1.815106,-0.071264,1
1.721609,1.654325,1
-0.668099,0.996226,3
0.370028,-0.540166,1
-0.480765,-0.255980,1
0.222555,0.300259,1
0.548777,1.061479,2
0.359452,0.586860,1
0.638933,-1.143295,3
0.718868,0.939497,2
-0.013973,0.754603,1
0.722798,0.476212,2
-0.322910,1.808112,1
-0.521282,0.178140,1
-1.877878,1.697375,1
-0.198587,-0.080070,1
-0.510708,-1.531293,1
-1.148144,0.828159,3
-1.170187,-0.532908,2
-0.712949,-1.814040,1
-0.719328,0.171986,1
1.203027,-1.105215,3
-1.220292,0.571875,3
-0.647384,-1.949408,1
1.385357,-1.827285,1
1.162119,-0.025873,1
-0.760861,1.463419,3
0.377638,-1.684725,1
0.102998,-0.854911,1
0.685062,0.432140,2
0.206623,1.712812,1
-1.517213,0.915839,2
-0.764837,1.695548,1
-0.204348,-0.951837,1
-1.465720,-1.566479,1
0.970283,1.595640,2
1.326216,-1.165221,3
-1.849143,1.212417,1
1.803656,-0.684585,1
-1.076453,-1.999523,1
0.229398,0.207100,1
-0.292765,0.689887,1
0.079857,1.925051,1
-0.975646,-0.279298,1
-1.980557,0.254982,1
1.187246,-0.774734,3
-1.670823,-1.448518,1
-1.065473,-1.297661,2
-0.144848,-1.494006,1
1.920866,-0.570459,1
-1.581279,1.658939,1
-1.370613,-0.633825,2
1.755892,1.446032,1
0.577944,-1.529615,3
0.448160,-1.510172,1
0.751897,1.677074,1
0.651273,-1.993749,1
1.385428,-1.059222,3
1.332000,0.795930,2
-1.406014,0.716797,3
-0.143550,1.135518,1
-0.673987,1.764904,1
1.485463,1.520796,1
-0.430036,0.098740,1
-0.624832,-1.453100,2
1.435353,1.298797,2
0.720805,-0.049930,1
0.557738,-0.664502,3
1.097010,-1.332502,3
-1.857724,-0.738516,1
0.617084,1.117934,2
-1.249169,-1.556054,2
-1.749247,1.929409,1
1.196707,-0.500626,3
0.613045,0.874541,2
0.519212,0.309895,1
0.102452,-0.969301,1
-0.308057,1.588437,1
0.222212,0.685447,1
-0.451588,0.827723,3
1.591408,-0.555193,1
-1.230079,0.195639,1
-0.286661,0.446392,1
0.177553,-0.356902,1
-1.259494,-1.743856,1
1.850360,0.775355,1
0.259010,-1.122193,1
0.617731,0.569750,2
-1.688052,-1.208038,1
0.673664,0.340374,1
0.296863,-0.068219,1
-0.962004,0.701703,3
-1.776925,-1.584958,1
1.337564,0.592595,2
1.951427,1.333101,1
1.439830,1.183461,2
-0.761871,-0.557528,2
-1.932874,-1.939798,1
0.484561,-1.627849,1
1.587444,1.045814,2
1.518049,-0.657323,3
-1.106538,0.380673,3
-1.535487,0.603749,3
0.481956,-0.058687,1
0.142498,-0.107260,1
0.059183,-0.667430,1
-1.248777,0.570699,3
-1.678930,0.637825,1
0.460667,-0.877613,3
-0.607773,-1.290170,3
0.664160,-1.772121,1
-0.132125,-0.878659,1
1.773293,-0.414146,1
0.093752,-1.932189,1
1.006806,0.210308,1
1.252962,-1.730509,1
0.682578,-0.979286,3
1.554666,-0.658216,3
-1.513044,1.802451,1
-0.208603,-0.805323,1
0.141653,1.858838,1
1.834585,-0.273287,1
1.908191,-0.499994,1
0.585546,1.593758,1
1.204214,0.600564,3
-0.284378,-0.146474,1
-0.440400,-1.463896,1
1.974277,-1.909230,1
-0.973220,-1.422273,2
1.201669,0.369124,2
0.086388,-1.489223,1
-0.801013,-1.654638,2
-0.567074,-1.746447,1
1.252720,0.839099,2
-0.859675,0.043314,1
-0.761762,1.758936,1
-0.394357,-0.681464,2
0.993760,-0.707186,3
-0.276338,0.319593,1
-1.743986,-0.478738,1
1.983043,1.607650,1
1.568910,-1.193363,3
-1.118510,0.239563,1
1.694076,-0.507716,1
0.100419,0.632609,1
1.107328,1.870847,1
-0.032238,-0.523510,1
-0.635700,-1.529750,2
-1.148391,0.193912,1
-1.083355,0.449925,3
1.350805,0.432968,2
0.295742,0.001879,1
-0.413959,0.883369,3
-0.870107,0.577445,3
1.512844,-1.322136,3
1.939109,1.785192,1
-1.875690,-0.247047,1
-0.371953,1.117254,3
-1.575402,1.968863,1
-0.459257,-1.114492,2
-1.821851,-1.763687,1
0.423206,0.532055,1
-0.525100,-1.881905,1
0.766157,-0.752012,3
-0.450303,-1.239168,2
0.965846,-1.300059,3
-1.747158,-1.175749,1
1.016328,0.452299,2
0.250063,0.876897,1
1.677710,-1.582360,1
1.555283,-1.404211,2
-0.134177,1.018995,1
0.178243,-1.506105,1
-0.625969,1.260052,2
1.147264,-1.190251,3
-0.401640,1.775595,1
1.834649,-1.971563,1
1.823891,1.044765,1
0.930387,-0.705172,3
0.005746,-1.027461,1
-0.033387,-1.472179,1
0.163792,0.393645,1
-1.106973,-1.428112,3
1.740357,-0.054082,1
1.835675,-0.906818,1
-1.308175,0.691542,2
0.247917,0.526191,1
-1.371741,0.350082,1
-0.539099,-0.719531,2
-0.829560,1.286215,3
-0.702382,-0.747173,2
0.020586,1.416619,1
-0.237451,-1.690353,1
-0.001594,-1.949996,1
-0.505684,1.885679,1
-0.200026,-1.422496,1
-0.118774,0.825421,1
-0.009084,1.453680,1
-0.854630,-1.085419,2
-0.405347,0.085021,1
1.016474,1.382639,2
-1.033883,-0.596775,2
-0.690596,1.165774,3
0.224579,-0.835820,1
-0.914327,0.658496,3
-0.960052,-1.541531,2
1.685765,0.339696,1
-1.142227,-1.669389,2
-1.620136,-0.524019,1
-0.817577,1.070634,3
-0.728803,0.087108,1
0.612799,1.053225,2
1.371019,-1.637371,1
-1.561114,0.587208,3
-0.443243,1.672880,1
0.560307,-1.287172,3
-1.858639,-1.601407,1
-1.452165,-0.743634,2
-1.592010,-0.363770,1
-0.817274,0.818654,3
-1.957517,-1.910149,1
0.284880,0.702650,1
-0.069499,0.073669,1
-1.258104,0.512555,3
-1.282529,-1.930688,1
1.351542,0.629619,2
0.444082,0.770979,2
1.876317,1.318815,1
-0.360836,1.726805,1
-1.122007,-1.090469,2
1.187455,-1.047986,3
1.584025,1.236894,2
1.033820,-0.832605,3
0.846244,-0.090709,1
-0.754124,0.626761,2
1.318388,-0.021697,1
0.103728,-1.577615,1
-0.712340,-1.701298,1
-0.272040,-0.062134,1
1.804489,0.815859,1
-1.300328,0.003314,1
-0.315294,-0.412660,1
-0.627611,-1.378840,2
1.133742,1.467404,2
1.407649,-1.286720,3
1.750869,-1.968333,1
0.723707,0.135395,1
-1.532475,1.423055,3
-0.469842,-0.848985,3
0.319595,-1.044496,3
-1.981437,-0.344824,1
0.669545,1.339882,2
-1.442578,-1.287729,2
1.612693,1.846013,1
-1.422745,1.253662,3
-1.831422,1.004531,1
-0.261796,-0.271761,1
1.730215,0.195764,1
0.020929,1.725921,1
0.249508,0.045516,1
-0.706053,0.064079,1
0.341700,-1.266376,1
-1.023208,-0.708954,2
-1.766955,-1.096261,1
0.956702,-0.519006,3
0.393638,-0.350428,1
-0.137758,1.387776,1
1.466240,1.117991,2
-1.506706,-0.861081,2
0.671362,1.388428,2
-0.195065,-1.317625,1
0.593683,1.024074,2
0.722313,-1.999133,1
1.563214,-1.766088,1
-1.749873,1.190613,1
-1.809296,-0.415748,1
1.135811,1.446493,3
1.809157,0.912733,1
0.678266,1.406027,2
-0.726703,0.077390,1
-0.086157,1.882325,1
-1.381532,0.476008,3
-1.943282,-0.801679,1
-1.213987,-1.238465,2
0.419048,-0.988338,3
-0.466924,-0.797634,2
0.296676,-1.661824,1
0.448051,-1.852667,1
-0.282583,0.825599,1
0.125703,-1.901105,1
-0.077584,0.012738,1
0.401503,0.631207,1
-0.095334,0.687924,1
-0.591306,1.473938,3
-0.853365,-0.107015,1
-1.924811,1.426061,1
-1.412005,-0.277263,1
-1.452706,-1.829213,1
1.419326,-0.111796,1
-0.302614,-1.986093,1
0.052835,-0.063677,1
0.290610,-1.662174,1
-0.995608,0.242492,1
-1.083505,1.651186,3
-0.409867,-1.202179,2
1.275433,-1.126990,3
0.163098,-0.538995,1
-0.611061,0.008299,1
-1.237886,-0.572375,2
0.960887,1.125011,2
-0.741445,-0.822154,3
-0.431038,1.468456,1
-1.489424,-1.527152,1
0.140114,-0.610657,1
1.243589,0.979476,2
0.240050,0.254909,1
-1.337428,-1.581993,2
-1.192169,-0.193054,1
-0.876123,0.569060,3
1.328127,-0.470053,2
-0.453715,0.788502,3
-0.299235,-1.642536,1
0.193072,-1.131960,1
-1.072130,1.008154,3
1.313855,0.251744,1
0.497661,-1.508206,1
0.554477,-0.845634,2
-1.927702,-0.037803,1
1.598418,1.086074,2
-1.447837,0.414201,1
-1.369082,1.960486,1
-0.112481,-0.338749,1
0.612576,1.854323,1
1.810481,-1.217806,1
0.397729,-1.903951,1
1.964453,0.593710,1
1.786086,-0.851813,1
-1.974274,-0.779515,1
0.072312,-1.181096,1
0.687957,-0.628933,3
-1.166451,0.001985,1
-0.232356,1.889504,1
1.059202,0.502080,2
-0.781198,0.312561,1
0.386555,-1.289709,3
-0.193948,-1.325256,1
-0.282657,-1.539170,1
0.783000,-1.513444,3
-0.189147,0.558868,1
1.924780,-0.753175,1
-1.547091,0.080374,1
-1.058477,1.848017,1
1.091389,0.907220,2
-0.904422,-1.873979,1
1.881962,0.512576,1
0.764394,-1.681372,1
-1.759464,0.035971,1
0.864865,-1.181029,3
0.709680,0.629824,2
1.373398,0.554604,2
-0.591817,1.007513,3
-0.555047,1.949037,1
-0.628774,1.040426,3
1.799580,-1.863996,1
-1.459504,-1.982034,1
-0.008298,0.782359,1
-1.882348,1.022895,1
0.704432,-0.112240,1
-0.222232,-1.402560,1
1.409972,1.970838,1
0.289000,-0.620979,1
1.248402,0.823974,2
-1.944178,-1.804799,1
1.770461,1.994781,1
1.611121,-1.464723,1
-0.035642,0.526978,1
-1.363777,0.644630,3
-0.655941,-0.650938,2
0.870866,1.126830,2
1.027496,0.536802,2
-0.261269,-1.174198,1
1.457479,-1.925795,1
-0.874736,-1.869974,1
-0.166525,1.900487,1
0.677689,1.511609,2
1.539870,-0.524033,1
1.184410,0.112190,1
-0.148155,1.456248,1
0.407040,0.327114,1
1.559676,-0.645390,3
-1.316850,1.093341,3
1.185646,0.550821,2
-1.487885,1.676085,1
0.033786,-0.490441,1
1.550237,-1.812751,1
-0.398035,1.727118,1
0.180672,0.911528,1
-0.595992,-1.236627,2
-0.023594,1.170413,1
-0.324366,0.730089,1
1.911665,1.413239,1
0.973497,0.598885,2
0.109534,1.111000,1
-0.624403,-0.855214,3
-1.457852,-1.304977,2
1.220307,0.296988,1
1.374433,-1.522340,3
-0.359251,-0.118332,1
1.363313,1.858074,1
1.412991,-0.466292,3
-1.182721,-0.554627,2
-0.685092,-1.581130,2
-1.636642,0.528404,1
1.087893,1.904001,1
1.321987,-1.553850,3
1.743330,1.666457,1
1.891791,1.040890,1
0.951780,-1.318361,3
0.775141,-1.955048,1
-0.231085,1.457943,1
1.492778,-1.724778,1
-1.370119,-0.409870,2
-1.634132,-0.046512,1
1.212855,-0.958619,3
1.204628,-1.636631,3
1.891424,-1.893301,1
0.875208,1.998489,1
0.336652,0.950269,2
1.679764,-0.274590,1
-1.119051,1.494325,3
1.615842,0.987103,2
1.796108,1.616984,1
-1.604756,1.982852,1
1.522784,1.195706,2
0.554325,0.400334,1
0.032016,0.291758,1
-0.823837,-0.833034,2
1.361201,1.503618,2
0.227879,1.183382,1
-0.860492,-1.935670,1
1.509080,1.680172,1
0.153873,1.476280,1
0.388797,1.871524,1
-1.422791,1.394308,3
1.807002,-0.051367,1
1.400164,1.980648,1
1.100025,-0.843188,3
0.798375,-1.481987,3
-0.553006,0.745891,3
-0.178976,1.885399,1
-0.310622,1.394479,1
-1.455165,-0.451647,1
1.017277,1.937150,1
-0.527430,-1.485641,2
1.123569,-1.678639,3
1.174903,1.721525,1
-0.482005,0.821550,3
-0.971947,-0.380074,3
-1.958272,1.066920,1
0.238786,-1.112056,1
-1.499826,0.577321,3
0.441734,1.122157,2
1.859574,0.139433,1
-0.851061,1.612003,2
-0.167388,0.735573,1
-1.535083,-0.089524,1
1.077870,1.428470,2
0.847635,-1.543477,3
1.135413,-1.501749,3
0.169082,0.737037,1
-0.911849,1.237211,3
1.401699,-0.321055,1
1.263599,-0.461480,3
1.062649,0.687459,3
1.376058,-1.479929,3
-1.989173,-1.015013,1
-1.632878,-1.937142,1
1.544967,0.910493,2
-1.657262,0.045905,1
-1.792571,-1.785012,1
-1.039937,-0.696862,2
-1.709981,-1.295163,1
0.742131,1.968436,1
1.333676,1.031085,2
1.537225,0.407143,1
0.476346,0.417970,1
1.325943,0.785092,2
1.604011,0.330060,1
-1.661399,0.672798,1
-0.428557,0.880226,3
-0.458678,1.840289,1
-1.251588,-1.869692,1
-0.365552,0.872439,3
-1.940997,0.206115,1
-0.828982,-0.256660,1
0.803103,-1.780313,1
-0.579825,1.545630,3
-1.899895,1.149641,1
-0.309473,1.488242,1
-0.673145,-0.940316,3
-0.821830,0.601006,2
0.332624,1.349419,1
-1.808086,-1.016133,1
0.019640,-0.957130,1
0.878451,0.213888,1
0.144405,-0.983009,1
1.828328,0.437165,1
-1.702655,0.537270,1
1.096421,-1.772203,1
-1.431705,-0.445348,1
-1.079605,0.732822,3
-0.887216,-0.934554,2
-0.564519,-0.742640,2
-1.369384,1.277000,3
0.031867,0.155450,1
-0.823542,-1.700145,1
-1.459264,-1.871816,1
1.450643,-1.574472,1
-0.489808,1.521949,1
1.057982,-1.909756,1
-0.334543,-0.989362,2
0.873938,0.123422,1
1.431837,1.558903,1
-1.026397,-1.810481,1
1.558239,0.221386,1
-1.643238,1.397844,1
0.172276,1.938580,1
0.424956,1.389223,2
-0.785094,-1.100585,2
-1.767347,1.957397,1
-1.194948,-0.377146,2
-1.889726,-1.503208,1
-1.519059,1.928629,1
0.108968,-1.097769,1
1.013994,-1.539530,3
0.074471,-1.182768,1
-0.565197,0.989509,3
-1.076682,-0.585535,2
-1.162638,0.629370,2
-1.726645,0.862024,1
1.799592,1.667076,1
-1.663533,1.777349,1
0.996764,-1.741710,1
-0.784036,0.367258,3
1.624683,-0.618749,1
-1.745212,1.455722,1
-1.717262,-1.109475,1
-1.750732,-0.186157,1
1.605021,0.651205,2
1.860189,0.924560,1
-1.927245,0.724151,1
-0.091825,1.060618,1
-1.759613,0.057382,1
0.501227,1.273345,2
-0.335701,0.898028,3
-0.712159,1.152816,3
-0.271386,1.435555,1
-0.841103,1.684823,1
0.003644,1.289844,1
-0.522239,1.150033,3
1.813902,1.222788,1
-0.182881,-0.869038,1
1.597685,-0.628651,1
-0.363459,1.872576,1
0.042654,-0.463125,1
1.830019,0.824716,1
-0.926893,-1.446670,2
1.206719,-0.287773,1
1.154174,1.715871,1
-0.247166,-0.806368,1
1.276054,-0.992466,3
1.523425,0.824652,2
0.831415,0.422337,2
-1.803214,-1.941123,1
-1.164498,0.101531,1
-1.627753,-0.068449,1
1.061807,1.004657,2
-0.813077,0.211376,1
0.996861,-0.634450,2
-1.903358,1.118384,1
-1.653543,0.394438,1
1.819059,-0.082137,1
-1.577377,-1.250722,2
0.397536,-1.053936,3
-1.754974,-0.218434,1
1.629391,0.153813,1
-0.161529,-0.784380,1
-1.399118,0.402543,1
-0.924480,-0.600596,2
-0.733972,-0.503953,2
0.650168,-0.157497,1
-0.958158,-0.338438,2
0.258167,0.084185,1
-0.103171,-1.518279,1
-0.405631,-1.273253,2
1.393439,-1.643862,1
1.124061,0.194610,1
-0.140660,0.795492,1
0.805995,1.871012,1
-0.881799,-0.862960,2
0.548791,1.787208,1
0.373818,-1.170950,3
-1.883290,1.087217,1
0.608879,-1.015954,3
0.047113,0.578415,1
1.266913,-0.028146,1
0.640526,-0.904085,3
1.229759,0.955255,2
0.221536,-0.238749,1
0.612717,0.879451,2
-1.500056,-0.571758,2
-1.770325,1.802060,1
-0.379032,1.918770,1
-0.903554,0.527650,3
-0.946355,-1.425237,2
-0.262408,1.841676,1
0.777676,0.482202,2
0.012371,-0.288038,1
-1.957443,1.933498,1
-0.056246,0.546215,1
-1.018008,1.046159,3
1.807438,1.275834,1
1.461934,-1.103197,3
0.203646,-0.006751,1
-0.070596,1.046895,1
-1.766422,-1.215513,1
-1.490395,1.562163,1
-0.118452,-0.425467,1
0.208746,-0.382910,1
-1.702806,1.560844,1
-0.734906,-1.457163,2
1.661236,-1.649725,1
-0.140562,1.812208,1
1.976411,0.015854,1
-1.378967,1.945259,1
-0.159581,-1.821164,1
0.901480,-1.311559,2
0.444743,0.569989,1
1.699967,-1.221265,1
-1.111310,-0.924071,2
-1.376374,0.341023,1
1.404722,0.002259,1
-0.538348,1.861698,1
-1.584614,1.838109,1
-0.637632,-1.540858,2
-0.643755,0.299561,1
0.134609,-0.798960,1
0.475135,1.645783,1
-1.609805,1.345751,1
1.922345,-1.765560,1
1.015339,-1.141933,3
0.651169,-1.737211,1
0.637275,-0.275559,1
0.435588,0.139827,1
-1.750244,1.502195,1
0.009183,-1.141560,1
1.947446,0.993049,1
0.574150,-0.531816,3
1.770844,-0.141621,1
-0.253728,-0.219277,1
-1.202371,-1.203938,2
0.190010,1.447232,1
-0.415350,0.084506,1
-1.159012,-1.479905,2
1.935434,-1.230149,1
1.489023,0.779033,2
-0.657827,0.726479,3
-1.603636,-0.699371,3
1.096337,-0.928527,3
-0.857939,0.817745,3
1.422225,1.615374,1
0.560456,-0.194616,1
-0.038524,1.390034,1
1.086937,-1.768978,1
0.352226,-1.833544,1
-0.880291,1.655479,3
-1.254368,-1.002348,2
1.364603,-0.605984,3
1.451759,-1.509647,3
-0.602707,-0.367586,1
-0.876449,-0.945361,2
-0.354130,1.615095,1
-0.384578,-0.423429,1
1.669480,-1.336491,1
0.243633,1.015734,1
-0.412364,-1.864557,1
1.710673,-1.118925,1
-1.439811,-1.754322,1
0.710333,1.697437,1
-0.068050,-0.905270,1
1.971312,0.218280,1
-0.373952,1.864151,1
-0.913833,-0.520427,2
1.936321,-0.850947,1
1.017496,1.392686,2
0.265126,-1.019678,1
-0.831764,-1.309005,2
-0.931001,-0.748816,2
0.363777,1.961517,1
-1.851092,-0.106533,1
1.566452,-0.135221,1
-1.961364,1.490827,1
-1.874084,-1.423006,1
-0.210234,-1.486685,1
-1.882874,1.530811,1
-0.539780,-0.204063,1
0.938757,0.964174,2
-0.701631,-1.966828,1
1.903659,0.396949,1
0.206385,0.545857,1
-0.396158,0.112309,1
1.219579,0.150945,1
-1.300533,0.276861,1
1.658928,-1.933373,1
1.767442,-1.816247,1
1.268642,-0.356027,2
1.750164,-1.417270,1
-1.077319,-0.118902,1
1.346382,-0.215243,1
-0.268401,1.991143,1
0.010283,-0.405015,1
-1.846253,-1.185436,1
-0.211963,-0.485968,1
1.999322,-0.827040,1
0.723923,-1.059598,3
-1.020666,-1.790955,1
-0.969318,1.959209,1
-1.953795,-1.118110,1
1.094899,-1.771728,1
-1.459457,-0.040130,1
-1.467957,1.970154,1
0.635853,-1.876100,1
0.890607,-0.088062,1
-0.577778,-0.088740,1
-1.979536,-1.364817,1
0.802459,-0.385483,3
1.228427,0.645199,2
-1.762875,0.691404,1
1.126922,-0.213697,1
1.801475,0.326847,1
-1.532829,0.858890,3
0.727852,-0.505258,3
-0.196903,-1.614651,1
0.392374,-0.192429,1
-1.845389,-0.171965,1
0.857250,-1.369506,2
-0.231066,1.858921,1
-1.360173,-1.903953,1
-1.607391,1.222968,3
-1.626337,1.024444,3
0.314587,1.491615,1
-1.774335,0.219467,1
0.260643,-1.977435,1
0.207559,0.414939,1
-1.934266,0.569550,1
0.559093,-0.573199,3
0.666968,1.195735,2
-0.579958,1.835562,1
0.864520,-1.771829,1
0.095302,-1.398166,1
1.652930,0.916421,3
-1.930552,1.142086,1
-0.019292,-0.597271,1
-1.722682,1.610287,1
-1.618501,1.676021,1
0.313715,0.235114,1
-1.123575,-1.097918,3
1.298057,0.322124,1
-0.184265,-0.813356,1
1.556382,1.281946,2
-1.678528,0.934876,3
-1.421822,1.004324,3
1.054351,-1.014968,2
-0.446912,-0.737650,2
0.466766,-0.356150,1
-0.050007,1.957565,1
0.860022,-1.166010,3
0.965785,-1.867953,1
0.907111,-0.052218,1
1.076607,-0.495837,3
1.847936,-0.174365,1
1.535686,0.403813,1
0.365522,-0.541837,1
0.598087,1.011252,2
0.440938,-0.521983,1
-0.040189,1.428011,1
1.713798,0.288033,1
0.369866,-0.746182,2
1.348059,-1.839071,1
-0.487105,1.237535,3
0.959677,1.085472,2
1.341335,0.621158,2
0.727317,-1.013320,3
1.098331,1.584767,3
-1.268305,0.025705,1
-1.991091,1.985516,1
1.243688,1.699313,1
1.312457,0.069179,1
1.513272,-0.582762,3
-0.338131,0.930133,2
-0.685371,-0.110190,1
0.793025,-0.768854,3
0.675233,1.958463,1
-1.984396,1.056794,1
-1.632773,1.788489,1
0.196868,1.797399,1
1.454519,1.041087,3
1.000203,0.353544,2
1.799705,-0.133183,1
-1.239865,1.528686,3
-1.041899,-1.156685,2
-1.758461,1.636340,1
0.146134,0.311573,1
-0.962590,0.327177,3
1.513452,0.694404,2
-1.984801,-1.108728,1
-1.497539,-1.654209,1
-1.310963,1.345993,3
0.944792,1.145698,2
0.617786,1.905833,1
-0.779088,-1.136065,2
-0.286151,-0.894526,1
1.437932,1.251608,2
-0.879523,-1.710982,1
-0.140184,1.802470,1
0.387645,1.817669,1
0.712872,-1.679870,1
0.079187,-0.990833,1
1.799045,1.953960,1
1.385720,0.571746,2
0.501081,1.792658,1
0.459757,-0.493493,1
0.054773,-1.055561,1
1.961362,0.064916,1
-1.804872,1.924732,1
1.123297,0.312377,2
0.942739,-0.974751,2
1.107972,1.104436,2
0.619198,0.903481,2
-0.723878,0.289201,1
1.838879,-1.209718,1
1.265571,1.250039,2
1.797736,-0.695187,1
1.581510,-0.733826,3
1.654301,-0.538698,1
1.529563,-1.415401,3
1.222493,1.527339,2
1.235554,0.635310,2
-1.742218,-0.745492,1
-0.766030,0.530629,3
-1.218097,0.369508,2
-1.877505,-0.364921,1
-1.030406,-0.567185,2
0.761131,-0.985675,3
0.617584,-1.331373,3
0.398770,-1.801810,1
-1.507668,1.420683,3
1.611144,0.656237,1
-0.165608,0.914019,1
0.961122,-1.852011,1
0.377052,-1.070108,2
0.583265,-0.947613,3
0.039518,0.021981,1
0.800583,-1.216888,3
-1.172178,1.400696,3
-1.683636,-0.200534,1
-1.610495,0.291798,1
1.989984,-0.097057,1
0.225774,1.737335,1
-0.283928,0.698457,1
1.736999,-0.924491,1
-1.872565,1.658775,1
0.152950,-0.301708,1
-0.388720,-1.501125,1
0.083935,-0.673302,1
1.225218,-0.356938,3
-1.435310,0.032567,1
-0.675155,0.022551,1
-1.258763,-1.751674,1
1.071648,-0.035602,1
-0.449953,-0.298603,1
-1.041661,-0.171168,1
-0.580982,1.981782,1
1.901679,-0.406938,1
1.167451,1.676997,2
-0.166081,0.902215,1
0.299853,1.466905,1
-0.942414,-1.208251,2
-0.281738,-0.467014,1
0.116272,-1.395366,1
-0.787260,0.154681,1
-0.615284,1.113020,3
-0.784533,-1.467961,2
0.744511,-1.566283,2
-1.227570,1.601168,2
-1.872954,-0.564913,1
-0.875275,1.734940,1
-1.845029,-1.207473,1
-0.792232,0.510788,3
0.508890,-1.372940,3
-0.225589,-0.160200,1
0.741328,1.224516,2
-0.462922,-1.560017,1
-1.685390,1.184494,1
-1.314797,1.956924,1
-1.267206,-1.916030,1
1.682599,-0.791305,1
0.099309,-0.636334,1
-0.692232,0.571434,3
0.049213,-0.919676,1
1.395292,0.854735,2
0.896052,-0.403936,3
-0.490167,1.133142,3
-1.344348,1.447752,3
-1.764811,-1.867045,1
1.415894,-1.134252,3
-1.968313,-1.451653,1
-1.617581,0.647656,1
-0.474322,1.955424,1
-0.820274,0.004637,1
-0.539166,-0.600070,2
1.581742,-1.704018,1
-1.072834,-0.194185,1
0.712573,0.461467,2
1.682475,0.696656,1
-1.390701,0.112551,1
-0.379906,0.144237,1
1.839584,0.526657,1
1.422741,-1.947665,1
-0.422669,-0.767939,2
-1.187754,0.692895,3
0.901896,0.274636,1
0.587610,1.201802,2
-0.593535,-0.085625,1
1.673073,-0.403150,1
0.072635,0.206149,1
-0.662055,1.826243,1
-0.848397,1.665828,3
1.612917,1.088568,2
0.029655,-1.334101,1
0.451030,-0.521855,1
-1.727665,-1.619959,1
0.389622,0.967650,2
0.312724,-1.625884,1
-1.302707,-1.952811,1
-0.221482,0.119823,1
-1.027706,1.457768,3
0.310307,-1.390629,1
0.174978,-1.777712,1
0.091983,0.251942,1
1.241049,-1.297028,3
1.083009,-1.024692,2
-0.800394,1.364930,3
0.518005,-0.322346,1
-0.249220,0.374946,1
0.580404,-1.846536,1
-0.383823,-0.874242,2
-1.521806,1.436065,3
1.006038,-0.388957,3
-1.377549,1.703026,1
0.904764,0.944075,2
0.665221,0.027084,1
0.805719,1.226690,2
-0.086132,-0.255304,1
-0.603868,1.495475,3
-1.074415,0.075879,1
0.574862,1.692056,1
1.681907,-1.829751,1
-0.601677,1.176287,3
1.337026,1.798739,1
1.527672,0.703502,2
-1.578709,-0.631277,3
0.290217,-1.825558,1
1.524073,0.088310,1
0.435582,1.484442,1
1.722038,-1.589972,1
-0.838042,0.984889,3
1.727636,0.666796,1
-0.270621,-1.934882,1
-0.657835,1.402145,3
-1.342023,0.929817,2
0.917863,1.351108,2
1.204834,-0.358675,3
0.718495,-0.834603,2
1.976851,1.600979,1
-1.269317,1.323017,3
1.560393,-1.515025,1
0.082159,-1.787390,1
-1.225826,-0.058011,1
0.642476,1.284154,2
-1.690482,1.942131,1
-1.319939,0.859994,3
0.419327,0.064828,1
-1.666964,-1.216677,1
-1.664946,-1.239826,1
1.821515,-0.509143,1
1.718003,-0.948750,1
0.599381,1.133409,2
-1.852446,1.907583,1
-0.239154,0.550059,1
0.776283,0.859577,2
0.721536,1.539638,2
0.017898,-0.041035,1
0.955584,0.292001,1
-0.941333,0.627055,3
0.762729,0.448570,2
1.789809,0.166573,1
-0.698137,-1.234047,2
1.026528,-1.086493,3
0.693182,0.674353,2
-0.356010,-0.549364,1
-1.463071,-1.827828,1
0.289863,0.190070,1
0.107625,-0.854346,1
0.708710,0.204321,1
-1.930031,-1.032950,1
0.922085,-1.243141,3
0.825451,0.058722,1
-0.137774,-0.914750,1
-1.193416,1.778432,1
0.301002,-0.577578,1
0.654996,-0.040649,1
0.548629,-1.750786,1
-1.598774,0.356840,1
-1.454176,-0.934450,2
1.317477,-0.864481,3
-1.462301,-1.942395,1
1.924494,0.883056,1
-1.922757,-1.254718,1
-0.856501,-0.448133,2
-1.115891,1.852869,1
0.075354,0.507865,1
1.438772,-0.943506,3
0.992260,-0.542280,3
1.691401,0.003544,1
0.594864,-0.678980,3
0.465376,-0.141281,1
1.092748,-0.216787,1
-0.221158,-0.139544,1
-0.449815,1.003955,3
-0.900039,1.888064,1
0.072158,-0.036582,1
-0.996294,-0.597810,3
-1.815531,-1.605550,1
-0.277928,-1.914148,1
-1.674776,0.680715,1
-1.936105,-0.853908,1
1.860171,-1.761160,1
0.539503,0.017681,1
-0.035883,1.567867,1
0.940598,-1.332173,3
1.769947,0.739985,1
1.107161,1.743692,1
1.500869,1.928161,1
-0.647703,-0.349767,1
-0.792732,-0.024543,1
0.383259,0.039352,1
-0.582031,-0.100477,1
0.235893,-1.560974,1
-1.085727,0.403143,3
0.596608,-0.656260,3
-1.832992,-0.886313,1
1.700826,-1.779151,1
-1.363165,1.721718,1
-0.032707,-0.925986,1
1.383604,0.281282,1
1.480629,-1.335459,3
-1.276253,0.082510,1
0.205705,-1.681598,1
-0.294656,-0.767325,1
-1.227151,1.829283,1
-1.491817,1.996291,1
0.983501,1.697117,2
-0.797489,-1.666048,2
1.349683,0.301245,1
1.147088,-0.315151,1
-1.080051,-0.834522,2
-1.267837,-0.110775,1
0.443900,-1.905070,1
-1.405338,-0.199726,1
-0.851433,0.573123,3
1.046213,1.081306,2
0.057545,0.064807,1
-0.710273,1.267318,3
-1.756374,0.617001,1
-1.728461,-0.235911,1
0.580735,0.684038,2
-0.445528,1.416201,3
0.610718,-0.139899,1
1.985367,0.454762,1
0.592691,1.603330,1
-0.970702,0.649542,3
1.462197,-1.292913,3
-0.407787,-0.003186,1
-1.943819,0.240440,1
-1.178606,0.511979,3
1.271456,-0.907285,3
0.886997,0.647186,2
-1.608237,-0.742096,2
-0.008541,-0.756729,1
-0.608571,1.835961,1
1.364522,-1.134741,3
-1.581079,-1.672544,1
1.538127,-0.080331,1
-0.075350,-0.024151,1
0.928175,0.797243,2
-0.304211,0.068699,1
1.147442,-1.044304,3
-1.984705,-0.652541,1
0.743249,1.338918,2
1.925965,-1.269653,1
-1.287989,-1.905131,1
-1.852401,-1.486210,1
-1.709726,-1.948083,1
0.429764,-0.023433,1
0.809693,-1.095257,3
-0.298398,0.600532,1
-0.313775,-0.252026,1
-1.681965,-0.236731,1
-1.792252,-1.493483,1
-0.659267,-1.567518,2
0.309679,-0.855507,1
-1.856116,-0.707908,1
0.305546,-0.417634,1
0.386876,-1.987871,1
-1.555945,0.821822,3
-0.701522,-1.476576,2
-1.778400,0.209649,1
-1.899582,0.527684,1
-0.673305,0.735432,3
-0.108109,-1.923835,1
1.187433,0.385844,2
-1.422156,0.529728,3
0.482045,-1.164726,3
-1.561838,1.222150,3
-1.629153,1.666205,1
-0.791726,-1.035318,2
-1.353766,-0.813718,2
-0.167833,-0.713300,1
-1.218631,0.613396,3
-1.762911,-1.494714,1
-1.874709,1.692719,1
-0.842015,-1.729438,1
1.482771,0.752607,2
1.389923,1.190769,2
1.309205,1.561616,2
0.050308,-1.230109,1
-0.685164,-0.583875,2
0.789013,1.248292,2
0.790873,-1.970338,1
-0.471834,-1.733250,1
-1.658376,-1.607959,1
-0.459074,-0.449974,1
-0.730044,-0.967202,2
-0.165740,-1.577279,1
-0.379286,1.731926,1
-0.926627,-0.217766,1
-0.509286,1.097070,3
1.094337,-0.113918,1
-0.015341,-1.323044,1
1.488378,0.205121,1
-0.502617,0.546745,3
1.199106,-1.912329,1
-0.828608,-0.642373,3
-0.103715,1.191888,1
-0.188053,-1.187398,1
-0.710774,-0.114025,1
-0.463605,1.376689,3
1.199688,0.471025,2
-1.888726,-1.544315,1
-0.947478,1.944063,1
0.260520,-0.558554,1
1.860559,-1.359448,1
1.010624,-0.188056,1
1.193486,1.708229,1
1.799070,-0.479823,1
-1.863420,0.809402,1
0.256323,-1.654203,1
1.473137,1.545486,1
0.576032,1.656760,1
0.355884,-1.290718,1
-1.659144,0.969801,3
-1.127426,0.830360,2
-0.508037,-0.159016,1
1.468980,-0.965530,3
-1.362116,-1.166460,2
0.619390,-1.029880,3
0.486871,1.226443,2
-0.268959,0.699579,1
1.446236,-0.724389,3
-0.382884,1.631495,1
1.732059,1.972351,1
1.288447,-1.155075,2
1.485387,0.336889,1
-0.505729,-0.194132,1
1.211385,0.443752,2
0.448675,-0.936858,3
-1.504632,1.550013,1
0.887857,-0.718946,3
-1.174168,-1.272709,2
0.420568,0.344407,1
-1.275416,0.076466,1
-0.001597,-0.635087,1
0.102581,-1.149700,1
-1.952257,0.344571,1
1.027375,-0.444044,3
0.840546,-1.995369,1
1.623838,-1.500001,1
1.633572,1.387856,1
0.342885,-1.786311,1
0.327809,0.634256,1
-0.055771,1.358841,1
-0.467001,-0.642757,2
-0.033304,1.459824,1
-1.262719,1.507567,3
-0.686266,0.534942,2
-1.666061,-0.624512,1
-1.582713,-1.000674,2
-1.949352,-1.367102,1
-1.034937,0.975783,2
0.606769,-0.696408,3
0.592882,1.247821,2
-1.344539,-1.219180,2
-1.917048,0.747516,1
-1.639257,1.484796,1
0.983106,-1.201470,3
1.161425,-0.867530,3
1.344375,-0.450243,3
-1.972676,-0.399595,1
-1.901871,0.565468,1
-1.617377,-0.827763,2
1.301373,1.765119,1
-0.421037,-1.579420,1
-0.786203,-1.496468,2
-1.691545,-1.135724,1
0.910681,1.847382,1
-1.952151,1.008807,1
0.560505,0.353181,1
0.072487,0.380505,1
0.217367,0.478634,1
-0.661970,0.861256,3
-0.237715,0.162629,1
-0.565639,1.741592,1
-0.112743,-1.044611,1
-0.912332,-0.736155,2
1.772876,-1.825474,1
1.256614,-1.777625,1
1.872821,0.782879,1
0.038786,-1.144633,1
-0.194845,1.072734,1
-1.863007,-1.589236,1
1.641068,0.173050,1
0.910263,1.607411,2
0.600037,-0.505333,3
0.793344,0.582335,2
1.850926,0.355211,1
-1.244110,-0.388176,2
-1.330340,-0.515354,2
0.936612,1.523431,2
1.584068,-0.671413,3
0.710159,-0.534420,3
-1.302493,-0.893352,2
-1.152517,-1.983090,1
-1.260949,0.616947,3
-0.413991,-0.589709,1
1.696811,-0.738783,1
-0.017861,0.017106,1
-1.510158,0.686766,3
-0.219576,-0.376622,1
1.926373,-0.792554,1
-0.854944,1.917606,1
0.774503,-1.384888,2
0.577000,-0.537405,2
-0.013093,0.201646,1
0.891482,1.787655,1
0.378392,1.484466,1
-1.779488,-0.533395,1
1.674457,-0.043553,1
-1.386953,1.736872,1
-0.924931,1.663244,3
0.865678,-1.191700,3
0.121866,1.582803,1
0.484701,0.159803,1
0.864447,-1.853290,1
-0.138860,1.038192,1
0.268123,-0.583416,1
1.936323,-0.362904,1
1.621630,-0.688447,2
-0.006298,-0.075400,1
-0.010847,0.999670,1
1.192050,-0.134652,1
-1.687447,1.987213,1
0.048168,0.471915,1
-0.753623,-0.663638,2
0.646233,1.197502,2
1.833744,-0.534375,1
-1.494278,-0.598052,3
0.644304,-0.976422,3
0.739334,1.017280,2
0.571236,-0.993567,3
0.066382,-1.801517,1
0.369828,-1.488964,1
0.256077,0.559204,1
-1.697872,1.805581,1
0.494889,0.451814,1
1.725842,0.285559,1
0.373379,0.791281,2
0.658011,-0.564415,3
-1.745803,-1.825081,1
1.774983,0.746155,1
0.295438,-1.187462,1
0.681241,1.182366,3
1.054258,-0.561557,3
-0.100811,-0.259429,1
0.080482,-1.764540,1
-0.540723,1.961301,1
0.303697,0.334680,1
-1.449935,-1.007309,2
1.820010,-0.753112,1
0.107236,-0.978129,1
-0.599104,1.317309,3
-1.106962,-0.001450,1
-1.103783,-0.947193,2
1.458599,0.951996,2
-0.173437,-0.967521,1
0.646341,0.491756,2
-0.248323,-1.204548,1
1.648295,-0.654483,1
0.980497,-0.834473,3
0.487618,1.272764,2
-1.259105,-1.326341,2
1.806709,-0.433302,1
0.054889,0.462915,1
-0.258488,-0.078486,1
1.168705,1.748077,1
-1.168643,0.394418,2
0.455311,-1.853905,1
0.413946,1.794390,1
1.365271,0.774886,2
-0.436515,-0.737496,2
-1.216431,0.003399,1
1.320961,-0.189892,1
1.856904,1.864997,1
-0.554347,-0.393492,1
-0.013600,-1.224787,1
1.559624,-0.393430,1
1.624605,-1.938118,1
-1.514962,0.475827,1
0.690987,-0.158902,1
0.062465,1.404583,1
-1.293294,-1.811848,1
-1.975393,1.509113,1
-1.090795,1.366017,3
-1.743283,-1.188330,1
-0.474256,0.798070,3
0.542848,0.357694,1
-0.045630,-0.017701,1
-0.488013,0.467336,1
-1.136006,-0.841676,2
0.990887,1.220789,2
0.380285,1.927495,1
1.773081,1.952102,1
0.975985,-1.138694,3
0.043886,-0.881976,1
0.718294,0.643768,2
-1.832084,-0.813384,1
1.224107,1.140987,2
0.342181,-1.347026,1
1.936081,-0.483032,1
1.371080,-1.492145,3
0.210662,0.888140,1
-0.761604,0.661221,3
1.775243,-0.362794,1
-0.321893,1.681091,1
-1.607359,0.399385,1
-0.094755,0.567301,1
-0.224456,-0.208592,1
1.628141,-1.866411,1
1.948075,-1.930330,1
-0.573667,1.440750,2
0.125380,-0.348588,1
0.751922,0.889808,2
1.330565,0.665051,2
-1.229485,-1.656842,2
1.328488,-1.264201,3
-1.469771,0.641045,2
0.918587,-1.583412,3
-1.552069,-1.955270,1
0.630250,1.992805,1
0.329536,-0.580862,1
0.536676,1.544518,1
-0.368043,0.296440,1
1.388458,-0.372994,1
0.782165,0.397520,2
-0.143037,-0.273992,1
1.331146,0.256238,1
1.372630,-0.825175,3
-0.794477,-0.377244,2
1.172004,-1.746994,1
-0.791844,0.582541,3
0.685057,-0.880782,3
-0.186630,0.751175,1
1.831491,0.139633,1
-1.485338,-1.078202,3
-0.459008,0.778761,3
1.303120,0.109907,1
1.706293,-0.517463,1
-1.473946,0.688060,3
-0.609454,-0.139936,1
0.247842,1.068220,1
-1.475724,-0.246723,1
0.345230,1.566647,1
0.462623,1.398138,2
-1.792978,1.912800,1
-1.651059,-0.546208,1
0.216869,-1.243088,1
0.341034,-1.536795,1
1.640024,-1.010741,3
0.561770,0.379804,1
-0.263479,-1.372354,1
1.493814,-0.848077,3
0.370324,1.497152,1
1.998009,-0.040225,1
1.765328,0.166798,1
-1.545556,0.515739,1
1.922320,-1.267392,1
-0.499896,1.073642,3
-1.439575,0.713666,3
0.308805,-0.724565,1
-0.082751,1.011956,1
-1.406086,0.505770,3
-0.976145,-1.123906,2
-0.979557,-1.125896,2
-1.584831,-1.360569,2
1.722695,-0.906125,1
-1.515988,-0.983805,2
0.002241,0.516299,1
1.983674,1.076724,1
0.954367,-0.614471,3
-1.695137,1.302779,1
0.283007,1.896692,1
-0.586928,-1.079453,2
-1.959709,-0.059009,1
-1.372715,0.356160,1
1.381076,0.078855,1
-1.349394,0.562867,3
0.652744,-1.434893,3
1.728524,-1.451219,1
1.517969,1.503148,1
-1.417151,1.808011,1
-1.340314,0.091018,1
1.242293,1.504090,2
0.700994,1.544381,3
1.033799,-1.828334,1
-1.993965,1.552742,1
0.072147,-1.796652,1
-0.845547,0.856092,3
0.753059,0.584616,3
1.428389,0.102585,1
-0.510752,0.685435,3
0.852886,1.345121,2
-1.886784,0.587413,1
0.294093,-0.711593,1
0.415961,-1.677793,1
-1.106011,-1.671758,2
-0.549128,0.400388,1
-1.429379,1.554841,1
-1.744523,0.307900,1
-1.510885,-0.263710,1
-1.774100,1.225538,1
1.770697,0.078424,1
-0.593488,0.191640,1
0.546416,-1.514267,3
1.230702,0.901694,2
-1.913347,1.795684,1
-1.504654,-0.753444,2
-0.892614,-0.182823,1
-1.424481,0.072654,1
0.628268,0.561769,2
0.783602,0.787669,2
-0.375629,0.558366,1
1.810260,1.964878,1
-1.416437,0.511294,3
0.645273,-0.258004,1
-0.970810,-0.171352,1
1.741348,0.323994,1
-1.146105,1.431380,3
-0.478717,-1.993100,1
-1.503428,0.635168,3
-0.791850,-0.581230,2
-0.854734,1.043141,3
1.160806,0.853401,3
1.367985,1.436964,2
-1.939103,0.082237,1
1.655503,1.111426,2
1.045793,0.852774,2
1.682639,1.706669,1
0.136662,-0.772048,1
0.663339,-0.275476,1
-0.248216,0.932674,1
1.627899,-1.922060,1
-1.937620,1.238745,1
-1.538261,0.606730,3
1.372391,0.667627,2
-1.974961,0.323130,1
0.506336,-0.631076,3
1.311626,-0.948437,3
1.548298,1.188225,2
1.791869,-0.148436,1
0.670607,1.603348,2
0.968116,1.231247,2
0.308766,1.293627,1
-1.497183,1.755365,1
0.133832,1.127756,1
-0.152916,1.152795,1
-1.328239,-0.340869,1
0.349213,-1.029242,3
1.733334,-1.480945,1
0.345408,-1.689076,1
0.682005,0.981531,2
-0.048724,-0.050352,1
-0.701513,-1.741586,1
1.884444,-1.238769,1
-0.922870,0.895063,3
-1.062557,-1.257853,2
1.120887,-0.586092,3
0.673254,1.763121,1
1.277184,1.496455,2
1.069339,-0.158137,1
-1.286942,-1.476132,3
-0.039875,0.475144,1
0.438439,1.773632,1
0.210379,1.658075,1
-0.262315,-1.264794,1
-1.607254,-0.327351,1
0.200604,-1.206464,1
-0.332408,1.466790,1
0.105338,0.743973,1
1.062140,-0.186688,1
-1.670135,0.526370,1
-1.420878,-1.513505,3
0.778027,0.924934,3
-0.764655,-0.864687,2
-1.546105,0.872998,3
0.567508,1.265744,2
-0.576733,-0.533652,2
-0.307065,1.133940,1
-0.274276,-0.760722,1
-0.745032,-1.698582,1
0.626075,-1.368717,3
-1.478949,-0.789594,2
-1.108829,1.988433,1
-0.965078,-0.776222,2
-1.163250,-0.322327,2
-0.626218,-1.754819,1
1.583464,-0.331552,1
0.586681,1.361383,2
-0.943312,-0.912893,2
0.270669,0.342075,1
-0.702039,-1.031849,2
0.851625,-0.510798,2
-1.108216,0.380372,2
-0.143123,1.415295,1
1.957283,-1.747956,1
-1.069313,-0.374173,2
-0.830164,-0.790709,2
0.875333,1.795972,1
1.714769,-1.147340,1
-0.206516,1.123328,1
-1.826384,-1.578710,1
1.185032,1.272915,2
1.406854,-1.835302,1
1.617108,0.021575,1
-0.948860,-0.021143,1
-1.837155,0.909545,1
1.519731,-1.920619,1
-1.454935,0.954714,3
-1.068217,0.669483,3
0.405608,-1.537033,1
0.221508,-1.363417,1
1.005559,1.821616,1
-0.721189,1.228469,3
-0.067564,0.845577,1
0.001356,1.896717,1
0.322320,-1.940438,1
-1.730889,1.579293,1
1.425193,-1.875642,1
0.377246,-0.943859,3
0.181959,1.461748,1
-0.889999,-0.316744,2
-1.540668,-1.311185,3
1.081577,-0.032374,1
-0.131479,1.900062,1
0.677039,-0.098582,1
-0.535585,-1.776261,1
1.161336,-1.507150,3
-1.062363,1.918043,1
-0.331348,0.295289,1
-0.930850,-1.522752,2
-1.067386,-0.412751,3
-0.567337,0.046581,1
-0.245674,-0.871842,1
-0.695540,0.996679,3
1.700170,-0.326281,1
-0.007402,1.138134,1
-1.655412,0.299470,1
0.275870,1.237107,1
-1.668489,-1.094242,2
1.443292,-0.025092,1
0.016822,0.907522,1
0.273608,-1.659815,1
1.219208,0.094511,1
0.132435,1.398971,1
-1.054275,1.099141,3
-0.339567,-0.908261,2
0.598879,-0.563673,3
-1.969824,1.712197,1
-0.620484,-1.956292,1
-0.975854,1.487000,3
-0.853977,-0.496178,3
0.855150,1.777429,1
0.610857,0.996638,2
1.494722,-0.870927,3
1.375266,0.074798,1
-1.070471,1.735231,1
-0.378073,0.334110,1
-1.386207,0.364287,1
0.842767,1.743803,1
-0.022502,-1.232051,1
1.087138,-0.086028,1
1.104299,-1.230878,2
1.461646,1.379979,2
-0.086496,0.874701,1
1.764334,0.249967,1
-1.285696,1.179496,3
0.756014,-1.198577,2
0.234050,-0.584784,1
-0.575717,-1.742017,1
-1.341776,0.235481,1
1.379165,-0.677382,3
1.603928,-1.573082,1
1.606120,1.888564,1
0.604950,-0.197932,1
0.732854,-0.433598,3
-1.064445,0.280706,1
0.873487,-0.963281,3
1.145529,1.270769,2
-0.218142,-1.304948,1
-1.838010,-0.646724,1
1.310071,-1.267559,3
-1.627876,-1.663631,1
0.203299,1.942489,1
1.414452,0.547439,2
1.500307,-0.719707,3
-0.163872,0.215848,1
1.351445,-0.910665,3
-0.331815,-1.765136,1
-0.599859,0.016723,1
-0.609920,0.178713,1
1.615500,-0.511216,1
1.163538,-0.139092,1
1.138494,-1.935793,1
1.002013,1.478659,2
-1.332400,0.978966,3
1.899589,-1.184907,1
-0.587716,-1.833462,1
1.961698,-0.165277,1
-0.218119,1.234864,1
-1.702883,-1.375055,1
-1.834372,-1.759555,1
-1.233419,1.403983,3
-0.296098,0.542476,1
0.583712,-0.455511,3
0.010961,0.212089,1
0.718503,0.111678,1
-0.358108,1.523962,1
-0.345383,1.485660,1
-0.097795,-0.732459,1
-1.833484,-0.435342,1
-1.390460,-0.269714,1
0.541348,0.496866,2
0.334064,-1.799232,1
0.190987,0.784480,1
-0.473431,-1.204559,2
1.841117,1.513944,1
0.970757,-0.844163,3
0.266937,0.810454,1
1.397839,-1.287341,3
1.763605,-1.120825,1
-1.245683,-0.511285,2
-0.014527,-1.969937,1
0.620612,0.364127,1
-0.201773,-1.444886,1
0.520332,0.081683,1
-0.545474,-0.077201,1
0.500397,-1.106443,3
1.070231,1.160493,2
1.125725,0.558332,2
-1.551240,0.321937,1
1.336453,1.076254,2
1.954431,-0.938274,1
1.069276,1.682338,2
0.384890,-0.519434,1
-1.515017,-1.999103,1
1.380518,-0.544577,3
-0.210003,1.955820,1
-0.644687,1.026052,3
1.731082,0.151777,1
0.819511,0.600537,2
0.787114,-0.063010,1
-1.756568,-0.108579,1
-0.270187,-1.039302,1
-0.419678,1.345587,3
-0.014055,1.830570,1
-1.526750,1.211088,2
-1.116645,-0.998915,3
0.187016,0.356398,1
0.651171,0.087481,1
-0.326343,-1.093009,2
1.018081,1.694105,2
1.438758,1.937537,1
-1.078838,-0.332650,2
0.085904,1.247672,1
-1.268788,-0.766384,2
1.377416,-0.293134,1
1.479044,0.590221,3
1.536492,-1.222763,3
0.619992,1.428408,2
1.855269,-0.897935,1
1.691083,-1.879853,1
-0.536114,1.558905,1
-0.871888,-1.519933,2
-0.246965,0.565971,1
-0.276455,1.297183,1
-0.475374,0.674599,3
-1.463205,0.153643,1
-1.449950,-0.309864,1
0.919702,-1.689872,3
1.376835,-1.834604,1
-1.259041,1.856479,1
-0.200812,-0.679635,1
0.794954,0.448477,2
-0.541931,-1.798488,1
1.368855,-0.074943,1
0.513258,1.449683,2
1.364527,1.986478,1
0.806018,-1.463472,3
1.024745,1.456230,2
0.671880,0.833065,2
1.421080,1.574024,1
-1.709573,-0.626787,1
-1.281321,-1.831834,1
-0.373002,-0.373765,1
-0.898712,-1.004910,2
1.872761,1.508348,1
-0.681167,0.872876,3
-1.081452,-0.321107,2
0.208399,-1.296362,1
1.808378,1.375518,1
-0.426248,0.796598,3
1.195606,1.087025,2
0.137824,1.805704,1
1.528520,-0.567298,3
-0.879273,0.533990,3
-1.362009,0.406752,3
1.604937,1.725585,1
0.558361,-1.355867,3
0.048313,0.852532,1
-1.005505,0.660910,3
0.773742,-1.765338,1
-1.872987,1.430268,1
0.853497,-0.431908,3
-0.251854,-0.903388,1
0.269031,0.217339,1
1.785005,0.855329,1
-1.190672,0.460266,3
-1.293473,-0.981372,2
0.282619,1.066941,1
-1.437651,-1.938564,1
0.217597,0.835178,1
0.669443,0.962191,2
0.208314,-0.184313,1
-0.447110,1.563833,1
0.330167,-0.167136,1
-0.358565,-0.382131,1
1.359455,0.427197,2
-1.196941,1.133724,3
0.890796,-0.583657,3
1.831066,-0.021308,1
1.432245,-1.803711,1
1.268087,0.865732,2
0.534196,-0.925954,3
1.368398,0.626936,2
-0.700789,-1.042897,2
-0.552636,0.598539,2
-1.549155,-0.042006,1
-0.085407,0.761053,1
-1.603031,-0.348151,1
-0.053715,-0.517085,1
1.557037,-1.084840,3
-1.997033,-1.816753,1
1.411088,0.717443,2
-1.365105,0.085841,1
-0.577464,1.385052,3
-1.956959,-1.167584,1
-1.718585,-0.716739,1
0.946986,1.197854,3
-1.253719,1.594823,3
1.961918,-0.458892,1
-0.843752,-0.901855,3
0.546866,-0.898888,3
0.803217,-1.487801,3
-1.866386,-0.852905,1
-1.909053,0.569631,1
-0.994616,0.612672,3
-1.481641,0.894086,3
-0.010672,-0.158928,1
0.221349,0.587353,1
-1.894781,0.549271,1
1.472005,1.705519,1
1.753951,0.252385,1
-1.780857,-0.944398,1
1.401780,-0.810783,3
-1.329743,-0.719836,2
-0.676214,0.285548,1
0.809731,0.803907,2
-0.421062,-1.206765,2
1.545998,1.014584,2
-0.892119,1.119803,3
-1.789128,0.591808,1
-1.587992,0.345758,1
-0.285744,0.564902,1
1.528703,-0.033319,1
0.490245,0.636938,2
-1.978582,1.960724,1
-1.834738,0.770456,1
1.203193,-1.650607,3
-1.917804,1.895391,1
1.548552,-0.996727,3
-0.435821,-0.785855,2
1.285325,-0.373847,3
1.258857,1.340409,2
-1.712008,0.869113,1
0.506343,-0.640642,3
0.004858,-0.619224,1
1.788920,-0.453962,1
-1.623110,-1.250769,2
-0.241906,-1.168574,1
0.153881,-1.620022,1
-0.330528,-0.055843,1
1.776870,-0.770518,1
-1.769973,-1.511660,1
1.248086,-1.223669,3
-1.767174,1.282674,1
1.854505,-0.712469,1
1.436907,-0.923548,3
-0.210234,-0.546659,1
-1.507982,1.211435,3
1.089661,-0.634684,3
0.690577,1.034788,2
1.505638,0.811658,2
-0.053148,1.041685,1
1.728475,0.289771,1
-1.620789,0.522597,1
0.389305,0.377101,1
-0.219825,-0.185992,1
0.717083,1.603774,2
-1.596779,-1.904208,1
0.920785,1.185453,2
-0.181673,-0.123970,1
0.660026,-0.618332,3
-1.268794,1.328520,3
1.290727,1.056995,2
0.626578,1.436207,2
-0.754897,-0.174488,1
-0.848840,1.605687,3
0.133669,0.322770,1
-1.430482,0.725991,3
0.216803,-0.353224,1
-0.770597,1.465103,3
1.276791,0.125129,1
-1.864163,0.856335,1
-1.963433,0.147062,1
0.227068,-1.226360,1
0.940165,0.018743,1
0.030364,1.169903,1
0.934571,-0.696428,3
1.442553,-0.126910,1
-1.953674,-1.910107,1
1.835552,-0.680704,1
-0.499192,-1.403913,2
-1.452268,-1.268076,2
0.923176,-1.231509,3
-1.644385,0.995558,2
-0.775739,-0.064276,1
1.918419,1.966088,1
0.218263,0.900659,1
0.840878,0.343211,2
0.189483,0.389537,1
1.184864,0.225089,1
1.645348,1.725898,1
0.230961,-1.726370,1
1.672909,1.196806,1
1.261918,1.552422,2
1.624567,-1.223317,3
0.005959,-1.304899,1
1.557255,0.913365,3
0.412122,-0.245757,1
1.140080,1.943725,1
1.957931,1.128589,1
0.095078,0.773937,1
-1.171688,-0.995102,2
-1.706530,-1.322194,1
-1.472881,1.939724,1
1.756327,1.564292,1
-1.078742,-0.429749,2
0.052277,-0.872494,1
0.083954,1.539628,1
-1.541157,0.679708,3
-0.776731,0.637638,3
-1.787215,-1.267284,1
0.928198,-0.438972,3
-0.082759,-0.145502,1
-1.896909,0.381618,1
-0.158638,0.137944,1
-1.643684,1.059202,3
1.566372,-0.888521,3
-0.310208,1.195434,1
-0.432545,1.654277,1
-0.611157,-1.122454,2
-1.661180,-0.909669,2
0.062734,-1.981471,1
-1.208453,-0.064230,1
-1.801835,0.038861,1
1.544507,1.880223,1
0.455141,-1.763461,1
0.936026,1.802911,1
-1.455583,-0.507298,2
-0.307564,1.060157,3
-0.479838,-1.551001,1
1.985526,-1.212181,1
1.183606,0.850554,3
1.942714,1.642100,1
0.556320,1.840265,1
1.551543,1.384773,2
0.684711,-0.160086,1
-1.122918,-1.224059,3
-1.819068,-0.679642,1
0.680215,1.012794,2
-1.166224,-1.467044,2
1.864882,-1.481518,1
1.986320,1.702088,1
-1.873714,1.644802,1
0.202022,0.201122,1
0.316619,-0.247334,1
0.311438,-1.562623,1
0.542797,-0.685541,3
0.577066,-0.504609,3
-1.895963,-1.824394,1
-1.308835,-0.990619,2
-0.272707,-1.125737,1
1.551240,-1.139417,3
-1.774259,-1.013131,1
-1.457658,1.188891,3
-1.300791,-0.494490,2
-1.759152,1.816948,1
-0.377599,0.359745,1
1.779895,-1.063189,1
1.257747,-0.959153,3
-0.251607,-0.267988,1
-1.228006,1.459305,2
-1.685923,1.010545,3
1.558249,1.236285,2
0.447223,1.778627,1
1.537319,-1.522164,1
0.380080,-1.281316,3
-0.339781,0.341085,1
0.254816,0.120981,1
-1.655196,-0.621272,1
0.610398,1.127121,2
-0.114627,1.899115,1
0.034611,-1.786808,1
1.044432,1.771441,1
-0.958877,0.218664,1
0.226705,-0.244018,1
-1.082203,-1.863938,1
1.425837,-0.203719,1
-1.706378,-1.948903,1
0.098218,-1.604099,1
-1.056339,1.006299,2
-0.478883,-1.108329,3
-0.442123,0.926282,2
-1.394818,-0.029285,1
0.888772,1.011838,2
-1.049011,-0.761458,3
1.491043,0.156339,1
0.749780,-0.417824,3
-1.650398,-0.124202,1
-1.929594,1.974016,1
-0.830063,-1.082323,2
-0.603410,0.438794,3
-0.477643,1.996671,1
-0.138684,-1.398147,1
-0.028283,1.490625,1
-1.699219,-1.558385,1
-1.614172,1.932657,1
-1.393062,0.682437,3
0.624328,1.032039,2
-1.307185,1.102445,3
1.157204,-1.727618,1
-1.372109,-0.331028,1
0.990250,1.191329,2
-1.721109,-0.947355,1
1.538247,1.024362,2
-0.190560,1.325144,1
-0.680824,1.710972,1
0.985250,-1.682090,3
0.233500,0.942238,1
1.357549,1.635053,1
-1.544387,0.792257,3
0.471355,1.420148,2
0.925892,0.410398,2
1.377099,0.689289,2
-1.569840,0.227535,1
-1.026154,-1.963025,1
-0.040853,-0.643849,1
0.877105,-1.658599,3
0.477500,0.574901,2
-0.890065,-0.067550,1
0.844814,0.388063,2
-1.147924,-1.140581,2
-1.471690,1.785310,1
1.395873,1.162409,3
1.316082,1.592569,2
0.260652,-1.433585,1
-1.469633,0.525562,3
0.511053,-0.597333,2
-1.190350,1.880167,1
0.050484,-1.009898,1
0.926372,1.834916,1
0.594517,-1.313007,3
-0.317189,-0.784697,1
1.181502,-1.388824,3
1.369482,1.927258,1
-0.215002,0.187910,1
-1.762512,0.718277,1
-1.953870,-0.770670,1
-1.803828,0.038980,1
0.921116,-1.910536,1
1.578510,1.015836,2
0.623967,-0.389647,1
0.528843,1.293163,2
0.219029,0.474665,1
-0.928375,-0.155852,1
1.516790,1.629146,1
0.528370,1.866634,1
-1.934488,1.912764,1
1.005321,-1.891064,1
-0.174702,1.030052,1
-0.364623,0.608562,1
-0.719628,-0.767471,2
-0.387640,1.761372,1
1.159651,-0.019599,1
-0.681883,1.052026,3
1.403842,0.568816,2
1.677477,-0.902815,3
0.669388,-0.837303,3
0.890630,-1.831982,1
-0.849149,-0.006685,1
1.500536,1.628692,1
-1.133944,-1.090936,2
1.841929,0.521424,1
0.110965,-0.318926,1
0.854667,0.999192,2
-0.557483,0.403034,1
1.659512,0.080510,1
-0.256859,-1.250102,1
1.739534,1.640528,1
-0.155136,-1.208621,1
0.980246,-1.708085,1
0.724191,-0.842029,3
1.700664,-1.000100,1
-1.561490,1.110865,3
1.156757,-0.034468,1
-1.072970,1.408049,3
-0.733882,1.067561,3
0.702392,-1.189298,3
-0.698638,-1.449763,2
-1.931650,0.395101,1
-1.171347,-0.624653,2
-0.782352,-1.900462,1
0.515707,1.800202,1
0.335190,-1.761288,1
1.835748,1.395469,1
-1.664503,-1.677502,1
1.238280,-0.411384,2
-1.778428,-1.708992,1
-0.045236,-0.407630,1
1.328483,-0.339281,1
-0.506418,0.489372,1
1.950596,1.707020,1
1.565580,0.222727,1
-1.819535,-1.442082,1
1.906215,-1.606334,1
-0.402503,-1.270837,2
0.696829,1.967443,1
0.863721,-1.810985,1
1.841316,0.143779,1
-0.630853,-0.527738,2
-0.707921,0.965844,3
0.590358,0.916439,2
1.988175,0.482020,1
-0.813806,0.662484,3
0.622924,0.568699,2
1.455122,-1.833804,1
-1.390181,0.863025,2
1.353133,-0.273254,1
0.387454,-0.431938,1
1.014144,0.937209,3
-0.698446,-1.770711,1
0.078336,0.819647,1
0.562138,0.807822,2
-0.731333,1.994016,1
-1.466886,0.616939,3
-1.808772,0.072062,1
-1.421497,0.681881,3
-1.066778,0.035014,1
-0.523045,-1.577533,1
-1.835533,1.436612,1
-1.675759,-1.261834,1
1.449859,0.816502,2
-0.508083,-0.621360,2
0.015994,0.647307,1
-0.797445,1.180422,3
0.957816,1.371649,2
-1.120727,1.950153,1
-0.336245,-1.116626,2
-1.825017,0.360330,1
-1.745727,0.524797,1
1.270772,0.849039,2
0.516559,0.298898,1
-1.418006,1.790815,1
-0.544749,-0.193191,1
0.322524,1.009364,2
-0.193264,-0.032820,1
1.363010,0.846453,3
1.601165,-1.489792,1
-0.125666,-1.314809,1
-1.430029,-1.060536,2
0.702219,-1.789764,1
-0.427367,0.726795,3
1.259549,1.308789,2
0.325105,-1.235959,1
-1.962031,1.086564,1
-1.068746,-1.106699,2
-0.803812,-1.743689,1
-0.588726,1.857476,1
0.509736,-0.268190,1
-0.031473,0.301781,1
1.952115,-0.996000,1
-1.215258,0.576633,3
1.916266,-0.163818,1
0.838606,-1.838713,1
1.567754,-1.800744,1
1.306266,-0.869491,3
-0.988041,0.326697,3
-0.435896,1.737971,1
0.626458,0.247707,1
-1.625997,-1.783766,1
1.061012,-1.831651,1
-0.041743,-1.046910,1
1.582297,-1.130643,3
-1.484873,1.707962,1
0.211997,1.275717,1
0.995431,0.581983,2
-1.327834,1.593941,3
0.605212,-0.841955,3
-1.604266,1.784503,1
1.918066,-1.841494,1
-0.257821,1.219519,1
-1.429708,-0.822224,2
-0.024963,-1.239927,1
-0.784035,-0.724800,2
-1.381820,1.487196,3
-1.780349,0.482627,1
-1.048369,1.154794,3
-1.989692,-0.239995,1
0.806957,0.155739,1
1.851313,0.073805,1
-0.888097,1.815983,1
0.540841,-1.613725,1
-1.077130,0.361312,3
-1.825744,1.577277,1
1.133604,-1.804543,1
-0.631331,-1.584892,2
0.185716,-0.633261,1
0.596705,-0.622953,3
-1.834261,-1.815996,1
-0.480723,-1.964683,1
1.031321,-0.852780,3
1.762884,1.688061,1
-0.327778,-1.389068,1
-1.658366,-1.214812,2
-1.713754,1.918792,1
1.718054,-0.712539,1
-0.367510,1.473177,1
0.701719,0.069882,1
-0.469047,0.235621,1
0.515927,1.754898,1
-0.425295,0.786219,3
-1.550534,0.549102,1
1.710502,-1.778676,1
-0.667149,-1.437041,2
0.532476,-1.150795,3
1.927559,-1.432741,1
-0.262251,0.199748,1
-1.085322,-1.098533,2
-0.531345,0.432420,1
0.206635,-1.051653,1
0.979933,0.523052,2
-1.099550,0.972518,3
0.509028,0.683020,2
-1.271461,-1.984129,1
1.733237,0.548347,1
0.656727,0.475906,2
0.867678,-1.786345,1
0.551806,-0.871666,3
-1.694185,0.596989,1
-1.704554,-1.196376,1
-1.960025,1.783557,1
0.570722,-1.315993,3
1.650572,1.193035,2
-1.048255,1.921574,1
0.815878,1.654811,2
-0.470785,0.311538,1
-1.190190,-0.820785,2
0.290154,1.731021,1
-1.328035,-1.963164,1
-0.513803,-1.667717,1
1.248775,-1.627742,3
1.534406,0.942980,3
0.792554,0.593552,2
-1.266278,1.545297,3
0.690762,0.361175,1
1.196148,1.890390,1
0.177441,-1.299800,1
-0.627610,0.990354,3
-0.304328,1.662319,1
-1.384057,-0.851484,2
-1.660162,-1.602708,1
1.847289,1.931697,1
-1.961252,0.724252,1
1.423241,1.457974,3
0.729308,0.148736,1
-0.309815,-0.655116,1
0.962601,1.522326,2
-0.585769,-1.105285,2
1.596883,0.590387,1
-0.183629,1.206330,1
-1.631858,1.546168,1
1.292171,1.393457,2
-0.840819,1.432205,3
-0.380258,0.855445,3
-0.374400,-0.415247,1
1.992633,1.274939,1
0.250056,0.237539,1
-0.792321,1.651771,3
1.155656,1.248654,2
-1.234047,-0.934975,2
1.524765,-0.566832,3
0.680870,-1.274661,3
-0.231328,-0.115480,1
1.580725,1.504261,1
-1.149247,-0.870139,2
-1.730484,-0.877506,1
-0.966836,1.372550,3
-0.680863,-1.419771,2
0.499825,1.735885,1
0.270901,-1.498162,1
-0.751694,-1.973397,1
1.771879,0.707473,1
-0.311091,-1.523855,1
1.038144,-1.943130,1
1.242825,-1.092377,3
-0.967741,-0.822861,2
0.096631,0.210302,1
-0.601458,1.529439,3
-1.647776,0.029264,1
0.554560,-1.699835,1
-0.178079,-0.451529,1
0.522449,-0.679650,3
1.948316,1.009259,1
1.258703,0.047404,1
0.073351,-0.709771,1
0.017860,0.322487,1
1.084863,-1.580882,3
1.524416,-0.182339,1
-1.455802,0.169885,1
-0.700135,-1.275555,2
0.557370,0.546366,3
1.841477,-0.931185,1
1.833058,-0.982869,1
-1.699217,-1.724166,1
-1.174621,0.349185,3
0.257597,-1.632955,1
-1.133046,1.451909,3
-0.313387,0.976325,3
0.035711,1.520523,1
-1.585926,-1.179612,2
1.092602,1.377758,2
